t	FPR	FNR	TRP	TNR
1	100	0	100	0
1.01	100	0	100	0
1.02	100	0	100	0
1.03	100	0	100	0
1.04	100	0	100	0
1.05	100	0	100	0
1.06	99.8	0	100	0.2
1.07	100	0	100	0
1.08	100	0	100	0
1.09	100	0	100	0
1.1	100	0	100	0
1.11	100	0	100	0
1.12	100	0	100	0
1.13	100	0	100	0
1.14	100	0	100	0
1.15	100	0	100	0
1.16	100	0	100	0
1.17	100	0	100	0
1.18	99.8	0	100	0.2
1.19	100	0	100	0
1.2	99.6	0	100	0.4
1.21	99.8	0	100	0.2
1.22	99.8	0	100	0.2
1.23	100	0	100	0
1.24	100	0	100	0
1.25	99.8	0	100	0.2
1.26	100	0	100	0
1.27	100	0	100	0
1.28	99.6	0	100	0.4
1.29	99.8	0	100	0.2
1.3	99.8	0	100	0.2
1.31	99.8	0	100	0.2
1.32	99.8	0	100	0.2
1.33	98.8	0	100	1.2
1.34	99.4	0	100	0.6
1.35	99.2	0	100	0.8
1.36	99.4	0	100	0.6
1.37	99	0	100	1
1.38	98.6	0	100	1.4
1.39	99.2	0	100	0.8
1.4	99	0	100	1
1.41	98.4	0	100	1.6
1.42	98.4	0	100	1.6
1.43	98.6	0	100	1.4
1.44	97.8	0	100	2.2
1.45	99.6	0	100	0.4
1.46	97.6	0	100	2.4
1.47	98.8	0	100	1.2
1.48	98.8	0	100	1.2
1.49	98.4	0	100	1.6
1.5	98.2	0	100	1.8
1.51	96.8	0	100	3.2
1.52	98.4	0	100	1.6
1.53	97.6	0	100	2.4
1.54	97	0	100	3
1.55	97.2	0	100	2.8
1.56	97	0	100	3
1.57	96.4	0	100	3.6
1.58	97	0	100	3
1.59	96.6	0	100	3.4
1.6	96.6	0	100	3.4
1.61	96.4	0	100	3.6
1.62	96	0	100	4
1.63	94.2	0	100	5.8
1.64	95.8	0	100	4.2
1.65	94.4	0	100	5.6
1.66	94.6	0	100	5.4
1.67	94.6	0	100	5.4
1.68	95.4	0	100	4.6
1.69	94.2	0	100	5.8
1.7	93.6	0	100	6.4
1.71	93.6	0	100	6.4
1.72	92.8	0	100	7.2
1.73	91.8	0	100	8.2
1.74	93.2	0	100	6.8
1.75	94.6	0	100	5.4
1.76	92.2	0	100	7.8
1.77	94.6	0	100	5.4
1.78	91.8	0	100	8.2
1.79	91.6	0	100	8.4
1.8	91	0	100	9
1.81	90.8	0	100	9.2
1.82	90.6	0	100	9.4
1.83	88.2	0	100	11.8
1.84	86.8	0	100	13.2
1.85	91.4	0	100	8.6
1.86	89.6	0	100	10.4
1.87	92.4	0	100	7.6
1.88	86.6	0	100	13.4
1.89	87	0	100	13
1.9	87.8	0	100	12.2
1.91	85.4	0	100	14.6
1.92	83	0	100	17
1.93	87.6	0	100	12.4
1.94	84.8	0	100	15.2
1.95	88.4	0	100	11.6
1.96	86.2	0	100	13.8
1.97	88.4	0	100	11.6
1.98	84.2	0	100	15.8
1.99	84.4	0	100	15.6
2	85	0	100	15
2.01	82.4	0	100	17.6
2.02	81.6	0	100	18.4
2.03	82.8	0	100	17.2
2.04	84.2	0	100	15.8
2.05	79.4	0	100	20.6
2.06	84.6	0	100	15.4
2.07	84.8	0	100	15.2
2.08	82	0	100	18
2.09	80.2	0	100	19.8
2.1	82.2	0	100	17.8
2.11	78.8	0	100	21.2
2.12	81.4	0	100	18.6
2.13	80.8	0	100	19.2
2.14	80	0	100	20
2.15	80.6	0.2	99.8	19.4
2.16	79.2	0	100	20.8
2.17	78	0	100	22
2.18	76.2	0	100	23.8
2.19	77.4	0	100	22.6
2.2	74.6	0	100	25.4
2.21	78	0	100	22
2.22	74.2	0	100	25.8
2.23	76.6	0	100	23.4
2.24	75.2	0.2	99.8	24.8
2.25	75.4	0	100	24.6
2.26	72.6	0	100	27.4
2.27	73.8	0	100	26.2
2.28	73.6	0.4	99.6	26.4
2.29	75.2	0	100	24.8
2.3	73.4	0	100	26.6
2.31	69.4	0	100	30.6
2.32	69	0	100	31
2.33	70.2	0	100	29.8
2.34	72	0	100	28
2.35	71.8	0.2	99.8	28.2
2.36	72.4	0	100	27.6
2.37	67.4	0	100	32.6
2.38	71.4	0.2	99.8	28.6
2.39	66.2	0	100	33.8
2.4	67	0	100	33
2.41	71.2	0.2	99.8	28.8
2.42	67.6	0.4	99.6	32.4
2.43	66.4	0.2	99.8	33.6
2.44	66.2	0.4	99.6	33.8
2.45	64	0.2	99.8	36
2.46	59.6	0	100	40.4
2.47	67.2	0	100	32.8
2.48	66.4	0.4	99.6	33.6
2.49	65.8	0.8	99.2	34.2
2.5	64.2	0.2	99.8	35.8
2.51	64.8	1.2	98.8	35.2
2.52	59.6	0	100	40.4
2.53	59.2	0.4	99.6	40.8
2.54	62.8	0.2	99.8	37.2
2.55	62.2	1.2	98.8	37.8
2.56	61	0.2	99.8	39
2.57	61.4	0.2	99.8	38.6
2.58	59.6	0	100	40.4
2.59	61.4	0.4	99.6	38.6
2.6	63.2	0	100	36.8
2.61	55.8	0.6	99.4	44.2
2.62	56.2	1	99	43.8
2.63	56.6	0.8	99.2	43.4
2.64	60.2	0.2	99.8	39.8
2.65	60.6	1	99	39.4
2.66	56.8	1	99	43.2
2.67	58	0.4	99.6	42
2.68	60.8	0.2	99.8	39.2
2.69	57.8	1.6	98.4	42.2
2.7	54.6	0.6	99.4	45.4
2.71	53.2	1	99	46.8
2.72	57.2	1.6	98.4	42.8
2.73	53.8	0.4	99.6	46.2
2.74	55.4	1.4	98.6	44.6
2.75	51.6	1	99	48.4
2.76	57.4	1	99	42.6
2.77	55	0.8	99.2	45
2.78	53.6	1	99	46.4
2.79	54.8	2	98	45.2
2.8	53.2	1.8	98.2	46.8
2.81	51.8	0.8	99.2	48.2
2.82	52.8	1.2	98.8	47.2
2.83	50.4	1.2	98.8	49.6
2.84	53.2	1	99	46.8
2.85	47.8	1.8	98.2	52.2
2.86	49.8	2	98	50.2
2.87	50.2	0.8	99.2	49.8
2.88	54.2	1.6	98.4	45.8
2.89	53.2	1.2	98.8	46.8
2.9	53.6	1.6	98.4	46.4
2.91	49.6	2.2	97.8	50.4
2.92	49.6	2.4	97.6	50.4
2.93	41.4	2.4	97.6	58.6
2.94	46.2	1	99	53.8
2.95	46.8	2	98	53.2
2.96	45	2	98	55
2.97	47.2	2.2	97.8	52.8
2.98	43.2	2.6	97.4	56.8
2.99	50.6	2.4	97.6	49.4
3	44.8	3	97	55.2
