t	FPR	FNR	TRP	TNR
1	4.4	0	100	95.6
1.01	2.4	0	100	97.6
1.02	4.4	0	100	95.6
1.03	3.4	0	100	96.6
1.04	3	0	100	97
1.05	2.4	0	100	97.6
1.06	3.6	0	100	96.4
1.07	3.4	0	100	96.6
1.08	3	0	100	97
1.09	3.2	0	100	96.8
1.1	2	0	100	98
1.11	3.2	0	100	96.8
1.12	3.4	0	100	96.6
1.13	1.4	0	100	98.6
1.14	3.4	0	100	96.6
1.15	2.2	0	100	97.8
1.16	3.2	0	100	96.8
1.17	2.8	0	100	97.2
1.18	1.4	0	100	98.6
1.19	2.2	0	100	97.8
1.2	2.8	0	100	97.2
1.21	2.8	0	100	97.2
1.22	1.4	0	100	98.6
1.23	4.6	0	100	95.4
1.24	2.4	0	100	97.6
1.25	3.4	0	100	96.6
1.26	2.2	0	100	97.8
1.27	2.2	0	100	97.8
1.28	1.4	0	100	98.6
1.29	2.4	0	100	97.6
1.3	3.8	0	100	96.2
1.31	2.8	0	100	97.2
1.32	3.4	0	100	96.6
1.33	2.8	0	100	97.2
1.34	3.4	0	100	96.6
1.35	4.4	0	100	95.6
1.36	1.8	0	100	98.2
1.37	3.8	0	100	96.2
1.38	2.6	0	100	97.4
1.39	5.4	0	100	94.6
1.4	3.8	0	100	96.2
1.41	3.2	0	100	96.8
1.42	2.8	0	100	97.2
1.43	3.2	0.2	99.8	96.8
1.44	3.8	0	100	96.2
1.45	3	0	100	97
1.46	3.8	0	100	96.2
1.47	2.6	0	100	97.4
1.48	3	0	100	97
1.49	2	0	100	98
1.5	3.6	0	100	96.4
1.51	1.8	0.2	99.8	98.2
1.52	3.4	0	100	96.6
1.53	3	0	100	97
1.54	2.2	0.2	99.8	97.8
1.55	2.6	0	100	97.4
1.56	3.2	0.2	99.8	96.8
1.57	3	0	100	97
1.58	2.6	0	100	97.4
1.59	1.8	0.2	99.8	98.2
1.6	2.6	0.4	99.6	97.4
1.61	2	0	100	98
1.62	2.6	0	100	97.4
1.63	2.6	0.2	99.8	97.4
1.64	2	0.2	99.8	98
1.65	4	0.4	99.6	96
1.66	2.4	0	100	97.6
1.67	2.4	0.2	99.8	97.6
1.68	1.8	0.6	99.4	98.2
1.69	2.8	0.4	99.6	97.2
1.7	3.4	0.2	99.8	96.6
1.71	2.6	0.6	99.4	97.4
1.72	2	0.6	99.4	98
1.73	3.4	0.6	99.4	96.6
1.74	2.8	0.2	99.8	97.2
1.75	3.2	0.4	99.6	96.8
1.76	3.2	0	100	96.8
1.77	4.2	0.4	99.6	95.8
1.78	3.2	0.6	99.4	96.8
1.79	3.4	0.8	99.2	96.6
1.8	2	1.8	98.2	98
1.81	2.4	2	98	97.6
1.82	3	1.2	98.8	97
1.83	2.6	1.8	98.2	97.4
1.84	2.4	1.2	98.8	97.6
1.85	3.4	0.8	99.2	96.6
1.86	3.4	1.2	98.8	96.6
1.87	1	1.8	98.2	99
1.88	3	2	98	97
1.89	2.8	1.2	98.8	97.2
1.9	3.6	3	97	96.4
1.91	2.4	1.8	98.2	97.6
1.92	2.6	2.4	97.6	97.4
1.93	1.8	2.8	97.2	98.2
1.94	3.4	2.2	97.8	96.6
1.95	2.6	3	97	97.4
1.96	5.2	1.4	98.6	94.8
1.97	3.2	2	98	96.8
1.98	2.8	2.4	97.6	97.2
1.99	2	2.8	97.2	98
2	3.2	2.2	97.8	96.8
2.01	2.2	3	97	97.8
2.02	3.2	2.2	97.8	96.8
2.03	2.2	4.2	95.8	97.8
2.04	2.6	3.8	96.2	97.4
2.05	2.6	4.8	95.2	97.4
2.06	4	4	96	96
2.07	2.8	2.6	97.4	97.2
2.08	1.8	3	97	98.2
2.09	2.4	4.6	95.4	97.6
2.1	2.8	4.4	95.6	97.2
2.11	2.6	3	97	97.4
2.12	2.4	6.2	93.8	97.6
2.13	3	6.6	93.4	97
2.14	2.6	4.6	95.4	97.4
2.15	3.4	6.2	93.8	96.6
2.16	3	4.6	95.4	97
2.17	2.4	2	98	97.6
2.18	2.2	6.8	93.2	97.8
2.19	2.8	6.8	93.2	97.2
2.2	3.2	7.6	92.4	96.8
2.21	1.4	5	95	98.6
2.22	3.6	3.6	96.4	96.4
2.23	1.2	7.2	92.8	98.8
2.24	2	6.4	93.6	98
2.25	2.4	5.4	94.6	97.6
2.26	3	7.6	92.4	97
2.27	3.2	7.2	92.8	96.8
2.28	2.2	8.2	91.8	97.8
2.29	2.4	7.6	92.4	97.6
2.3	1	11.4	88.6	99
2.31	3	7.2	92.8	97
2.32	3.2	11.2	88.8	96.8
2.33	2.8	7.6	92.4	97.2
2.34	3.6	9.2	90.8	96.4
2.35	3	11.2	88.8	97
2.36	1	10.8	89.2	99
2.37	2.8	9.2	90.8	97.2
2.38	2.8	12.4	87.6	97.2
2.39	2.4	13.4	86.6	97.6
2.4	2.8	10	90	97.2
2.41	2.6	13.8	86.2	97.4
2.42	2.2	12.2	87.8	97.8
2.43	2.4	12.8	87.2	97.6
2.44	3.2	13	87	96.8
2.45	2.6	12.2	87.8	97.4
2.46	1.6	14.2	85.8	98.4
2.47	2	19.2	80.8	98
2.48	2.2	12.4	87.6	97.8
2.49	3.2	15	85	96.8
2.5	2	17	83	98
2.51	1.6	16.2	83.8	98.4
2.52	2.2	14.4	85.6	97.8
2.53	2	14	86	98
2.54	2.8	15.8	84.2	97.2
2.55	1.2	15.6	84.4	98.8
2.56	2.2	17	83	97.8
2.57	2.2	17	83	97.8
2.58	3.4	19.2	80.8	96.6
2.59	3.6	17.2	82.8	96.4
2.6	3	19	81	97
2.61	1.8	19.8	80.2	98.2
2.62	1	21.6	78.4	99
2.63	2	21.8	78.2	98
2.64	2.6	22.2	77.8	97.4
2.65	1.6	20.8	79.2	98.4
2.66	2.4	19	81	97.6
2.67	2.4	22.2	77.8	97.6
2.68	2	23.8	76.2	98
2.69	1.6	24.8	75.2	98.4
2.7	1.2	17.6	82.4	98.8
2.71	3.8	18.6	81.4	96.2
2.72	2.2	25	75	97.8
2.73	1.8	25.4	74.6	98.2
2.74	2	25	75	98
2.75	1.4	24.4	75.6	98.6
2.76	3.4	24.4	75.6	96.6
2.77	2.6	23.4	76.6	97.4
2.78	3.2	27.6	72.4	96.8
2.79	2.8	25	75	97.2
2.8	1.6	28.2	71.8	98.4
2.81	1	35.6	64.4	99
2.82	1.4	27.8	72.2	98.6
2.83	2.6	29.4	70.6	97.4
2.84	2.2	28.8	71.2	97.8
2.85	1.8	30.8	69.2	98.2
2.86	1.4	31.6	68.4	98.6
2.87	2	30	70	98
2.88	1.8	34.2	65.8	98.2
2.89	2.6	32.6	67.4	97.4
2.9	1.2	34	66	98.8
2.91	0.6	35	65	99.4
2.92	1.4	36.2	63.8	98.6
2.93	1.4	32.4	67.6	98.6
2.94	2.6	27	73	97.4
2.95	2	31.6	68.4	98
2.96	2.6	36.8	63.2	97.4
2.97	2.2	34.8	65.2	97.8
2.98	2.4	30.8	69.2	97.6
2.99	0.8	38	62	99.2
3	1.8	35.6	64.4	98.2
