t	FPR	FNR	TRP	TNR
1	100	0	100	0
1.01	100	0	100	0
1.02	100	0	100	0
1.03	100	0	100	0
1.04	100	0	100	0
1.05	100	0	100	0
1.06	100	0	100	0
1.07	100	0	100	0
1.08	100	0	100	0
1.09	100	0	100	0
1.1	100	0	100	0
1.11	100	0	100	0
1.12	100	0	100	0
1.13	100	0	100	0
1.14	100	0	100	0
1.15	100	0	100	0
1.16	100	0	100	0
1.17	99.8	0	100	0.2
1.18	100	0	100	0
1.19	100	0	100	0
1.2	100	0	100	0
1.21	100	0	100	0
1.22	100	0	100	0
1.23	100	0	100	0
1.24	100	0	100	0
1.25	100	0	100	0
1.26	100	0	100	0
1.27	100	0	100	0
1.28	100	0	100	0
1.29	100	0	100	0
1.3	100	0	100	0
1.31	100	0	100	0
1.32	100	0	100	0
1.33	100	0	100	0
1.34	100	0	100	0
1.35	100	0	100	0
1.36	100	0	100	0
1.37	100	0	100	0
1.38	99.8	0	100	0.2
1.39	100	0	100	0
1.4	99.8	0	100	0.2
1.41	100	0	100	0
1.42	99.8	0	100	0.2
1.43	99.8	0	100	0.2
1.44	100	0	100	0
1.45	99.8	0	100	0.2
1.46	100	0	100	0
1.47	99.8	0	100	0.2
1.48	99.6	0	100	0.4
1.49	99.6	0	100	0.4
1.5	100	0	100	0
1.51	99.8	0	100	0.2
1.52	100	0	100	0
1.53	99.8	0	100	0.2
1.54	99.8	0	100	0.2
1.55	99.8	0	100	0.2
1.56	99.6	0	100	0.4
1.57	100	0	100	0
1.58	99.8	0	100	0.2
1.59	99.6	0	100	0.4
1.6	99.2	0	100	0.8
1.61	99.6	0	100	0.4
1.62	99.4	0	100	0.6
1.63	99.2	0	100	0.8
1.64	99.6	0	100	0.4
1.65	99.8	0	100	0.2
1.66	100	0	100	0
1.67	99.4	0	100	0.6
1.68	98.2	0	100	1.8
1.69	99.2	0	100	0.8
1.7	99.2	0	100	0.8
1.71	99.2	0	100	0.8
1.72	99	0	100	1
1.73	99.6	0	100	0.4
1.74	98.6	0	100	1.4
1.75	99.6	0	100	0.4
1.76	98.8	0	100	1.2
1.77	98.6	0	100	1.4
1.78	98	0	100	2
1.79	97.8	0	100	2.2
1.8	99.2	0	100	0.8
1.81	99	0	100	1
1.82	98.2	0	100	1.8
1.83	98	0	100	2
1.84	97.8	0	100	2.2
1.85	98	0	100	2
1.86	98	0	100	2
1.87	97.4	0	100	2.6
1.88	97.2	0	100	2.8
1.89	98.2	0	100	1.8
1.9	96.4	0	100	3.6
1.91	98	0	100	2
1.92	97.4	0	100	2.6
1.93	97.6	0	100	2.4
1.94	97.4	0	100	2.6
1.95	95.4	0	100	4.6
1.96	97.2	0	100	2.8
1.97	97.8	0	100	2.2
1.98	97.2	0	100	2.8
1.99	96.4	0	100	3.6
2	96.6	0	100	3.4
2.01	95.6	0	100	4.4
2.02	94.6	0	100	5.4
2.03	95.6	0	100	4.4
2.04	95	0	100	5
2.05	95	0	100	5
2.06	96.2	0	100	3.8
2.07	95.8	0	100	4.2
2.08	93.4	0	100	6.6
2.09	94.2	0	100	5.8
2.1	95.2	0	100	4.8
2.11	94.4	0	100	5.6
2.12	97.4	0	100	2.6
2.13	92.4	0	100	7.6
2.14	92.8	0	100	7.2
2.15	92.2	0	100	7.8
2.16	92.8	0	100	7.2
2.17	90.4	0	100	9.6
2.18	92.8	0	100	7.2
2.19	92.6	0	100	7.4
2.2	92.4	0	100	7.6
2.21	91.2	0	100	8.8
2.22	92.8	0	100	7.2
2.23	90.6	0	100	9.4
2.24	89.6	0	100	10.4
2.25	91.6	0	100	8.4
2.26	90.8	0	100	9.2
2.27	90.8	0	100	9.2
2.28	89.8	0	100	10.2
2.29	91.2	0	100	8.8
2.3	88.8	0	100	11.2
2.31	89	0.2	99.8	11
2.32	88	0	100	12
2.33	87.8	0	100	12.2
2.34	85.8	0	100	14.2
2.35	88.4	0	100	11.6
2.36	88	0	100	12
2.37	86.6	0	100	13.4
2.38	87	0	100	13
2.39	87.6	0	100	12.4
2.4	85.8	0	100	14.2
2.41	87.2	0	100	12.8
2.42	88	0	100	12
2.43	87	0	100	13
2.44	85.4	0	100	14.6
2.45	87.2	0	100	12.8
2.46	86.2	0	100	13.8
2.47	84	0	100	16
2.48	84.4	0	100	15.6
2.49	81.6	0	100	18.4
2.5	84.2	0	100	15.8
2.51	82	0.2	99.8	18
2.52	81	0	100	19
2.53	85.8	0	100	14.2
2.54	81.4	0	100	18.6
2.55	82.4	0	100	17.6
2.56	81.4	0	100	18.6
2.57	84.2	0	100	15.8
2.58	84	0	100	16
2.59	82.4	0	100	17.6
2.6	78.8	0	100	21.2
2.61	83	0	100	17
2.62	81.4	0	100	18.6
2.63	80.2	0	100	19.8
2.64	78.6	0	100	21.4
2.65	78.8	0	100	21.2
2.66	79.4	0	100	20.6
2.67	82	0	100	18
2.68	75.6	0.4	99.6	24.4
2.69	78.6	0	100	21.4
2.7	79.6	0	100	20.4
2.71	77.6	0	100	22.4
2.72	79.6	0.2	99.8	20.4
2.73	81.6	0	100	18.4
2.74	79.6	0	100	20.4
2.75	78.6	0	100	21.4
2.76	72.6	0	100	27.4
2.77	74.8	0	100	25.2
2.78	73	0	100	27
2.79	73.2	0	100	26.8
2.8	75.8	0	100	24.2
2.81	75	0.2	99.8	25
2.82	76.8	0.2	99.8	23.2
2.83	72.8	0.4	99.6	27.2
2.84	74.2	0	100	25.8
2.85	71	0	100	29
2.86	71.6	0	100	28.4
2.87	77.8	0	100	22.2
2.88	74	0	100	26
2.89	73.2	0	100	26.8
2.9	72	0.4	99.6	28
2.91	69.2	0.2	99.8	30.8
2.92	71.6	0	100	28.4
2.93	73	0	100	27
2.94	67.2	0.4	99.6	32.8
2.95	67.8	0	100	32.2
2.96	72	0	100	28
2.97	73	0	100	27
2.98	66.8	0	100	33.2
2.99	72.2	0.4	99.6	27.8
3	67	0.2	99.8	33
