t	FPR	FNR	TRP	TNR
1	100	0	100	0
1.01	100	0	100	0
1.02	100	0	100	0
1.03	100	0	100	0
1.04	100	0	100	0
1.05	100	0	100	0
1.06	100	0	100	0
1.07	100	0	100	0
1.08	100	0	100	0
1.09	100	0	100	0
1.1	100	0	100	0
1.11	100	0	100	0
1.12	100	0	100	0
1.13	100	0	100	0
1.14	100	0	100	0
1.15	100	0	100	0
1.16	100	0	100	0
1.17	100	0	100	0
1.18	100	0	100	0
1.19	100	0	100	0
1.2	100	0	100	0
1.21	100	0	100	0
1.22	100	0	100	0
1.23	100	0	100	0
1.24	100	0	100	0
1.25	100	0	100	0
1.26	100	0	100	0
1.27	100	0	100	0
1.28	100	0	100	0
1.29	100	0	100	0
1.3	100	0	100	0
1.31	100	0	100	0
1.32	100	0	100	0
1.33	100	0	100	0
1.34	100	0	100	0
1.35	100	0	100	0
1.36	100	0	100	0
1.37	100	0	100	0
1.38	100	0	100	0
1.39	100	0	100	0
1.4	100	0	100	0
1.41	100	0	100	0
1.42	100	0	100	0
1.43	100	0	100	0
1.44	100	0	100	0
1.45	100	0	100	0
1.46	100	0	100	0
1.47	100	0	100	0
1.48	100	0	100	0
1.49	100	0	100	0
1.5	100	0	100	0
1.51	100	0	100	0
1.52	100	0	100	0
1.53	100	0	100	0
1.54	100	0	100	0
1.55	100	0	100	0
1.56	100	0	100	0
1.57	100	0	100	0
1.58	100	0	100	0
1.59	100	0	100	0
1.6	100	0	100	0
1.61	100	0	100	0
1.62	100	0	100	0
1.63	100	0	100	0
1.64	100	0	100	0
1.65	99.8	0	100	0.2
1.66	100	0	100	0
1.67	100	0	100	0
1.68	100	0	100	0
1.69	100	0	100	0
1.7	99.8	0	100	0.2
1.71	99.8	0	100	0.2
1.72	99.8	0	100	0.2
1.73	99.8	0	100	0.2
1.74	100	0	100	0
1.75	100	0	100	0
1.76	100	0	100	0
1.77	99.8	0	100	0.2
1.78	99.8	0	100	0.2
1.79	99.8	0	100	0.2
1.8	99.6	0	100	0.4
1.81	99.6	0	100	0.4
1.82	99.8	0	100	0.2
1.83	100	0	100	0
1.84	99.8	0	100	0.2
1.85	99.8	0	100	0.2
1.86	99.6	0	100	0.4
1.87	99.6	0	100	0.4
1.88	99	0	100	1
1.89	99.4	0	100	0.6
1.9	99	0	100	1
1.91	100	0	100	0
1.92	99.6	0	100	0.4
1.93	100	0	100	0
1.94	99.4	0	100	0.6
1.95	99.6	0	100	0.4
1.96	99.4	0	100	0.6
1.97	99.6	0	100	0.4
1.98	98.6	0	100	1.4
1.99	98	0	100	2
2	99.2	0	100	0.8
2.01	99.4	0	100	0.6
2.02	99.4	0	100	0.6
2.03	98.8	0	100	1.2
2.04	99.2	0	100	0.8
2.05	99.4	0	100	0.6
2.06	98.8	0	100	1.2
2.07	99.2	0	100	0.8
2.08	98.8	0	100	1.2
2.09	99	0	100	1
2.1	98.6	0	100	1.4
2.11	97.8	0	100	2.2
2.12	98	0	100	2
2.13	98.4	0	100	1.6
2.14	98	0	100	2
2.15	97.8	0	100	2.2
2.16	97.2	0	100	2.8
2.17	96.8	0	100	3.2
2.18	97.8	0	100	2.2
2.19	98.2	0	100	1.8
2.2	94.6	0	100	5.4
2.21	96.8	0	100	3.2
2.22	97.6	0	100	2.4
2.23	96.8	0	100	3.2
2.24	97.6	0	100	2.4
2.25	96.4	0	100	3.6
2.26	96.4	0	100	3.6
2.27	97	0	100	3
2.28	97.6	0	100	2.4
2.29	96.6	0	100	3.4
2.3	96.8	0	100	3.2
2.31	96.6	0	100	3.4
2.32	95.8	0	100	4.2
2.33	96	0	100	4
2.34	97.2	0	100	2.8
2.35	95	0	100	5
2.36	96	0	100	4
2.37	95.6	0	100	4.4
2.38	96	0	100	4
2.39	95.8	0	100	4.2
2.4	94.8	0	100	5.2
2.41	94.8	0	100	5.2
2.42	95.6	0	100	4.4
2.43	93.6	0	100	6.4
2.44	93	0	100	7
2.45	93.6	0	100	6.4
2.46	94.2	0	100	5.8
2.47	95.4	0	100	4.6
2.48	95	0	100	5
2.49	94.6	0	100	5.4
2.5	92.4	0	100	7.6
2.51	94.6	0	100	5.4
2.52	95.6	0	100	4.4
2.53	93.2	0	100	6.8
2.54	91.6	0	100	8.4
2.55	92.6	0	100	7.4
2.56	88.6	0	100	11.4
2.57	93	0	100	7
2.58	93	0	100	7
2.59	90.8	0	100	9.2
2.6	90	0	100	10
2.61	92.6	0	100	7.4
2.62	91.2	0	100	8.8
2.63	90.4	0	100	9.6
2.64	92.2	0	100	7.8
2.65	90.2	0	100	9.8
2.66	92.6	0	100	7.4
2.67	89.4	0	100	10.6
2.68	89.8	0	100	10.2
2.69	88.8	0	100	11.2
2.7	87.2	0	100	12.8
2.71	88.4	0	100	11.6
2.72	88	0	100	12
2.73	87.8	0	100	12.2
2.74	90	0	100	10
2.75	87.2	0	100	12.8
2.76	88.4	0	100	11.6
2.77	88.2	0	100	11.8
2.78	89.8	0	100	10.2
2.79	85.6	0	100	14.4
2.8	87.2	0	100	12.8
2.81	86.2	0	100	13.8
2.82	88.2	0	100	11.8
2.83	89.6	0	100	10.4
2.84	85	0	100	15
2.85	85.4	0	100	14.6
2.86	83.8	0	100	16.2
2.87	87.6	0	100	12.4
2.88	85.2	0	100	14.8
2.89	84.6	0	100	15.4
2.9	81.4	0	100	18.6
2.91	84.6	0	100	15.4
2.92	85	0.2	99.8	15
2.93	81.4	0	100	18.6
2.94	86.4	0	100	13.6
2.95	83.6	0	100	16.4
2.96	81.6	0	100	18.4
2.97	82.8	0	100	17.2
2.98	82	0	100	18
2.99	82.2	0	100	17.8
3	81.6	0	100	18.4
