t	FPR	FNR	TRP	TNR
1	0	0	100	100
1.01	0	0	100	100
1.02	0	0	100	100
1.03	0	0	100	100
1.04	0	0	100	100
1.05	0	0	100	100
1.06	0.2	0	100	99.8
1.07	0	0	100	100
1.08	0	0	100	100
1.09	0	0	100	100
1.1	0	0	100	100
1.11	0	0	100	100
1.12	0	0	100	100
1.13	0	0	100	100
1.14	0.2	0	100	99.8
1.15	0	0	100	100
1.16	0	0	100	100
1.17	0	0	100	100
1.18	0	0	100	100
1.19	0	0	100	100
1.2	0	0	100	100
1.21	0.2	0	100	99.8
1.22	0	0	100	100
1.23	0	0	100	100
1.24	0	0	100	100
1.25	0	0	100	100
1.26	0	0	100	100
1.27	0	0	100	100
1.28	0	0	100	100
1.29	0	0	100	100
1.3	0	0	100	100
1.31	0	0	100	100
1.32	0	0	100	100
1.33	0	0	100	100
1.34	0.2	0	100	99.8
1.35	0.2	0	100	99.8
1.36	0.2	0.2	99.8	99.8
1.37	0	0	100	100
1.38	0	0	100	100
1.39	0	0	100	100
1.4	0	0	100	100
1.41	0	0	100	100
1.42	0	0.2	99.8	100
1.43	0	0	100	100
1.44	0	0.2	99.8	100
1.45	0	0	100	100
1.46	0	0.2	99.8	100
1.47	0.2	0	100	99.8
1.48	0	0	100	100
1.49	0	0	100	100
1.5	0	0	100	100
1.51	0.2	0.2	99.8	99.8
1.52	0	0	100	100
1.53	0	0	100	100
1.54	0	0	100	100
1.55	0	0.2	99.8	100
1.56	0	0.4	99.6	100
1.57	0.2	0.2	99.8	99.8
1.58	0	0.4	99.6	100
1.59	0.2	1	99	99.8
1.6	0	0.4	99.6	100
1.61	0	0.8	99.2	100
1.62	0	0.4	99.6	100
1.63	0	0.8	99.2	100
1.64	0	0	100	100
1.65	0.2	0.8	99.2	99.8
1.66	0	0.2	99.8	100
1.67	0	0.6	99.4	100
1.68	0	0.6	99.4	100
1.69	0.2	1.2	98.8	99.8
1.7	0	1.2	98.8	100
1.71	0	0.6	99.4	100
1.72	0	1.4	98.6	100
1.73	0.2	0.8	99.2	99.8
1.74	0	1.6	98.4	100
1.75	0	2	98	100
1.76	0	1	99	100
1.77	0	2.2	97.8	100
1.78	0	0.8	99.2	100
1.79	0.2	2.6	97.4	99.8
1.8	0	1.4	98.6	100
1.81	0	2.4	97.6	100
1.82	0	2.6	97.4	100
1.83	0	3.2	96.8	100
1.84	0.2	2.2	97.8	99.8
1.85	0	3.6	96.4	100
1.86	0	3.4	96.6	100
1.87	0	2.8	97.2	100
1.88	0	2.8	97.2	100
1.89	0	4.6	95.4	100
1.9	0.4	3.8	96.2	99.6
1.91	0	5.4	94.6	100
1.92	0	3	97	100
1.93	0	5	95	100
1.94	0.2	3.6	96.4	99.8
1.95	0	5.6	94.4	100
1.96	0	6.8	93.2	100
1.97	0	5.2	94.8	100
1.98	0	5	95	100
1.99	0	7.6	92.4	100
2	0.4	5	95	99.6
2.01	0	6.4	93.6	100
2.02	0	10	90	100
2.03	0	7	93	100
2.04	0	9.6	90.4	100
2.05	0	7.8	92.2	100
2.06	0	6.6	93.4	100
2.07	0	8.8	91.2	100
2.08	0	7.4	92.6	100
2.09	0	10.6	89.4	100
2.1	0	10.2	89.8	100
2.11	0	9.2	90.8	100
2.12	0	10.2	89.8	100
2.13	0	10.6	89.4	100
2.14	0	11.8	88.2	100
2.15	0.2	8.6	91.4	99.8
2.16	0	11.6	88.4	100
2.17	0	12.6	87.4	100
2.18	0	14.6	85.4	100
2.19	0	11.8	88.2	100
2.2	0	13.8	86.2	100
2.21	0.2	15	85	99.8
2.22	0.2	14.6	85.4	99.8
2.23	0	14.2	85.8	100
2.24	0	15.2	84.8	100
2.25	0	16.8	83.2	100
2.26	0	17.6	82.4	100
2.27	0	19.2	80.8	100
2.28	0	18.8	81.2	100
2.29	0	16	84	100
2.3	0	18.6	81.4	100
2.31	0.2	15.8	84.2	99.8
2.32	0	19.2	80.8	100
2.33	0	20.6	79.4	100
2.34	0.2	25	75	99.8
2.35	0.2	19.2	80.8	99.8
2.36	0	20.2	79.8	100
2.37	0	22.8	77.2	100
2.38	0	20	80	100
2.39	0	19.6	80.4	100
2.4	0	21.8	78.2	100
2.41	0	24.8	75.2	100
2.42	0.2	24	76	99.8
2.43	0.2	25	75	99.8
2.44	0	26.4	73.6	100
2.45	0	26.4	73.6	100
2.46	0	26.4	73.6	100
2.47	0	26.2	73.8	100
2.48	0.2	29.8	70.2	99.8
2.49	0	30.2	69.8	100
2.5	0	29.2	70.8	100
2.51	0	31.6	68.4	100
2.52	0	30.4	69.6	100
2.53	0.2	31.4	68.6	99.8
2.54	0	31.4	68.6	100
2.55	0.2	32.4	67.6	99.8
2.56	0	33	67	100
2.57	0	31.6	68.4	100
2.58	0	30.8	69.2	100
2.59	0	34	66	100
2.6	0	33.8	66.2	100
2.61	0	35.4	64.6	100
2.62	0	33.4	66.6	100
2.63	0	37.2	62.8	100
2.64	0	40	60	100
2.65	0	37.2	62.8	100
2.66	0.2	39.2	60.8	99.8
2.67	0.2	37.6	62.4	99.8
2.68	0	36.6	63.4	100
2.69	0	36.8	63.2	100
2.7	0	37.8	62.2	100
2.71	0	38.2	61.8	100
2.72	0	37.2	62.8	100
2.73	0.2	41.4	58.6	99.8
2.74	0	43	57	100
2.75	0	43.4	56.6	100
2.76	0	47.6	52.4	100
2.77	0.2	43.6	56.4	99.8
2.78	0	41.6	58.4	100
2.79	0	48	52	100
2.8	0.4	47.4	52.6	99.6
2.81	0	49.4	50.6	100
2.82	0	44.8	55.2	100
2.83	0.2	43.6	56.4	99.8
2.84	0	49.6	50.4	100
2.85	0	43.4	56.6	100
2.86	0	46.6	53.4	100
2.87	0	45.6	54.4	100
2.88	0.2	55	45	99.8
2.89	0	48.4	51.6	100
2.9	0	44.8	55.2	100
2.91	0	47.8	52.2	100
2.92	0	54.6	45.4	100
2.93	0	51.4	48.6	100
2.94	0	49.6	50.4	100
2.95	0	51	49	100
2.96	0	50	50	100
2.97	0.2	49.6	50.4	99.8
2.98	0	50.8	49.2	100
2.99	0	55.2	44.8	100
3	0	56	44	100
