t	FPR	FNR	TRP	TNR
1	2	0.8	99.2	98
1.01	0.8	0.6	99.4	99.2
1.02	2	1	99	98
1.03	1.2	1.4	98.6	98.8
1.04	1.6	2.8	97.2	98.4
1.05	0.2	1	99	99.8
1.06	2	2.4	97.6	98
1.07	0.8	3	97	99.2
1.08	1.8	2.2	97.8	98.2
1.09	1.2	1.6	98.4	98.8
1.1	2.4	2.4	97.6	97.6
1.11	1.8	2.4	97.6	98.2
1.12	1.6	3.2	96.8	98.4
1.13	1	3.6	96.4	99
1.14	1.2	3.4	96.6	98.8
1.15	1.8	6.4	93.6	98.2
1.16	1.2	3.2	96.8	98.8
1.17	1.2	6.4	93.6	98.8
1.18	0.8	5.8	94.2	99.2
1.19	1.2	8.2	91.8	98.8
1.2	1.8	6.4	93.6	98.2
1.21	1.8	7.6	92.4	98.2
1.22	0.8	6.4	93.6	99.2
1.23	1.4	8.8	91.2	98.6
1.24	2.2	6.2	93.8	97.8
1.25	1.2	8.6	91.4	98.8
1.26	1.8	9.4	90.6	98.2
1.27	1.4	10.2	89.8	98.6
1.28	1	9.2	90.8	99
1.29	0.8	12.8	87.2	99.2
1.3	0.8	13.4	86.6	99.2
1.31	1.6	17	83	98.4
1.32	0.4	15.2	84.8	99.6
1.33	0.8	14.6	85.4	99.2
1.34	0.6	16	84	99.4
1.35	1.8	17	83	98.2
1.36	1.6	16.6	83.4	98.4
1.37	1	18.6	81.4	99
1.38	1.2	20	80	98.8
1.39	1	17.4	82.6	99
1.4	1.2	21	79	98.8
1.41	0.6	24.4	75.6	99.4
1.42	1.4	20.4	79.6	98.6
1.43	1	20.4	79.6	99
1.44	1.2	21	79	98.8
1.45	1.2	22.8	77.2	98.8
1.46	0.6	24.8	75.2	99.4
1.47	0.6	30.6	69.4	99.4
1.48	1.6	24.4	75.6	98.4
1.49	0.4	26.4	73.6	99.6
1.5	1.2	28	72	98.8
1.51	1.6	31.4	68.6	98.4
1.52	1.2	29.4	70.6	98.8
1.53	1	32.6	67.4	99
1.54	2	29.6	70.4	98
1.55	1.2	34.4	65.6	98.8
1.56	1.2	36.8	63.2	98.8
1.57	0.8	33.4	66.6	99.2
1.58	1.6	33.2	66.8	98.4
1.59	1.8	37.8	62.2	98.2
1.6	0.2	33.8	66.2	99.8
1.61	0.8	39.2	60.8	99.2
1.62	1.4	37.8	62.2	98.6
1.63	0.6	39.8	60.2	99.4
1.64	0.8	37.4	62.6	99.2
1.65	1.4	45	55	98.6
1.66	0.6	41.6	58.4	99.4
1.67	0.4	41.4	58.6	99.6
1.68	1	46.2	53.8	99
1.69	0.6	46	54	99.4
1.7	0.4	43.8	56.2	99.6
1.71	0.6	45.8	54.2	99.4
1.72	1.2	48.4	51.6	98.8
1.73	0.8	50	50	99.2
1.74	1	46	54	99
1.75	1	48.2	51.8	99
1.76	0.6	47	53	99.4
1.77	0.6	47.4	52.6	99.4
1.78	0.6	49.4	50.6	99.4
1.79	0.6	55	45	99.4
1.8	0.2	51.8	48.2	99.8
1.81	1	53	47	99
1.82	0.6	51	49	99.4
1.83	1	57.2	42.8	99
1.84	0	56	44	100
1.85	0.6	63.6	36.4	99.4
1.86	0.2	58.8	41.2	99.8
1.87	0.4	58.4	41.6	99.6
1.88	0.8	58	42	99.2
1.89	0.2	56.4	43.6	99.8
1.9	0.8	59.8	40.2	99.2
1.91	0.2	58.8	41.2	99.8
1.92	0.2	63.2	36.8	99.8
1.93	0.8	60.8	39.2	99.2
1.94	0.4	63.6	36.4	99.6
1.95	0.4	62.4	37.6	99.6
1.96	1.2	62.4	37.6	98.8
1.97	1.4	63.6	36.4	98.6
1.98	0.8	64.6	35.4	99.2
1.99	0.4	68.2	31.8	99.6
2	0.8	69.8	30.2	99.2
2.01	0.8	68	32	99.2
2.02	0	67.2	32.8	100
2.03	0.2	67.2	32.8	99.8
2.04	1	66.2	33.8	99
2.05	1.2	66.4	33.6	98.8
2.06	1	71.6	28.4	99
2.07	0.8	68	32	99.2
2.08	1	72	28	99
2.09	0.8	71	29	99.2
2.1	0.6	71.6	28.4	99.4
2.11	0.8	74	26	99.2
2.12	0.2	71.8	28.2	99.8
2.13	0	75.6	24.4	100
2.14	0.8	75	25	99.2
2.15	0.2	67.8	32.2	99.8
2.16	0.4	71.8	28.2	99.6
2.17	0.6	74.8	25.2	99.4
2.18	0.4	71.8	28.2	99.6
2.19	0.2	73.2	26.8	99.8
2.2	0.8	77.4	22.6	99.2
2.21	0.4	76.2	23.8	99.6
2.22	0	79.2	20.8	100
2.23	0.6	74	26	99.4
2.24	1	76.6	23.4	99
2.25	0.8	78.4	21.6	99.2
2.26	0.8	77.6	22.4	99.2
2.27	0.6	77	23	99.4
2.28	0.6	79.4	20.6	99.4
2.29	0.8	79.2	20.8	99.2
2.3	0.6	78.8	21.2	99.4
2.31	0	80.2	19.8	100
2.32	0.6	79.8	20.2	99.4
2.33	1.2	81.6	18.4	98.8
2.34	0.2	82.4	17.6	99.8
2.35	0.2	82.2	17.8	99.8
2.36	0.4	79.6	20.4	99.6
2.37	0	80.2	19.8	100
2.38	0.4	83.2	16.8	99.6
2.39	0.6	82.8	17.2	99.4
2.4	0.2	80.4	19.6	99.8
2.41	0.8	79.2	20.8	99.2
2.42	0.4	86.2	13.8	99.6
2.43	0.2	81.2	18.8	99.8
2.44	0	84.4	15.6	100
2.45	0.8	87.6	12.4	99.2
2.46	0.2	83.8	16.2	99.8
2.47	0.8	84.8	15.2	99.2
2.48	0.2	84.6	15.4	99.8
2.49	0.2	86.6	13.4	99.8
2.5	0.4	85.8	14.2	99.6
2.51	0.2	83.6	16.4	99.8
2.52	0.2	86	14	99.8
2.53	0.4	85.6	14.4	99.6
2.54	0	86.6	13.4	100
2.55	0.2	86.6	13.4	99.8
2.56	0.4	84.6	15.4	99.6
2.57	0.2	87.6	12.4	99.8
2.58	0.4	88.4	11.6	99.6
2.59	0.4	87	13	99.6
2.6	0.4	86	14	99.6
2.61	0.4	86.6	13.4	99.6
2.62	0.4	87	13	99.6
2.63	0.2	88	12	99.8
2.64	0.2	88.4	11.6	99.8
2.65	0.4	85.8	14.2	99.6
2.66	0.2	89.6	10.4	99.8
2.67	0.8	87.2	12.8	99.2
2.68	0	89.2	10.8	100
2.69	0.2	88.8	11.2	99.8
2.7	0.4	88.8	11.2	99.6
2.71	0.2	90.6	9.4	99.8
2.72	0.4	89.8	10.2	99.6
2.73	0.6	90.4	9.6	99.4
2.74	0.6	89.2	10.8	99.4
2.75	0	91	9	100
2.76	0.6	88.8	11.2	99.4
2.77	0.2	88.4	11.6	99.8
2.78	0.2	90.6	9.4	99.8
2.79	0.6	91.8	8.2	99.4
2.8	0.2	89.8	10.2	99.8
2.81	0.6	90.8	9.2	99.4
2.82	0.2	90.8	9.2	99.8
2.83	0.2	90	10	99.8
2.84	0.2	89.4	10.6	99.8
2.85	0.6	90.4	9.6	99.4
2.86	0.4	89.6	10.4	99.6
2.87	0.6	91.4	8.6	99.4
2.88	0.4	91.6	8.4	99.6
2.89	0.2	90.4	9.6	99.8
2.9	0.2	93.2	6.8	99.8
2.91	0.6	93.4	6.6	99.4
2.92	0	93.2	6.8	100
2.93	0	89	11	100
2.94	0	93	7	100
2.95	0	93	7	100
2.96	0.6	92	8	99.4
2.97	0.2	93.2	6.8	99.8
2.98	0	91.6	8.4	100
2.99	0	91.6	8.4	100
3	0	92.4	7.6	100
