t	FPR	FNR	TRP	TNR
0.01	4	94.4	5.6	96
0.02	4.8	93.2	6.8	95.2
0.03	4.6	94.4	5.6	95.4
0.04	6	93.4	6.6	94
0.05	4.2	95.2	4.8	95.8
0.06	3.6	93.4	6.6	96.4
0.07	5.4	91.6	8.4	94.6
0.08	5	92	8	95
0.09	4	90.4	9.6	96
0.1	4.2	89	11	95.8
0.11	4.4	85.8	14.2	95.6
0.12	4.2	85.8	14.2	95.8
0.13	4	82.8	17.2	96
0.14	4.8	79.8	20.2	95.2
0.15	5.6	81.4	18.6	94.4
0.16	2.4	79.6	20.4	97.6
0.17	6.4	73.6	26.4	93.6
0.18	6.8	76	24	93.2
0.19	7	68.8	31.2	93
0.2	5.6	65.2	34.8	94.4
0.21	4.8	68.4	31.6	95.2
0.22	4	64.8	35.2	96
0.23	5.2	60.2	39.8	94.8
0.24	5.2	51.6	48.4	94.8
0.25	5.2	57.2	42.8	94.8
0.26	5.2	52	48	94.8
0.27	5	48.8	51.2	95
0.28	5	48.2	51.8	95
0.29	7	45.6	54.4	93
0.3	4.8	38	62	95.2
0.31	3.6	38.6	61.4	96.4
0.32	6.2	33.4	66.6	93.8
0.33	5.8	29.4	70.6	94.2
0.34	3.6	29.8	70.2	96.4
0.35	3	28	72	97
0.36	3.6	23	77	96.4
0.37	5.4	22.4	77.6	94.6
0.38	6.6	19	81	93.4
0.39	6.2	17.6	82.4	93.8
0.4	4	16.6	83.4	96
0.41	5	15	85	95
0.42	4.4	13.4	86.6	95.6
0.43	5.6	9.4	90.6	94.4
0.44	4.6	7.4	92.6	95.4
0.45	5	7.4	92.6	95
0.46	4.8	7.6	92.4	95.2
0.47	5.2	5.4	94.6	94.8
0.48	6.2	5.8	94.2	93.8
0.49	6.2	4.2	95.8	93.8
0.5	4.8	3.6	96.4	95.2
0.51	4.6	3	97	95.4
0.52	4.8	3	97	95.2
0.53	6.2	2.6	97.4	93.8
0.54	5.2	1.6	98.4	94.8
0.55	3.8	1.8	98.2	96.2
0.56	3.6	2.4	97.6	96.4
0.57	4.8	1.4	98.6	95.2
0.58	4.8	0.6	99.4	95.2
0.59	4.2	0.6	99.4	95.8
0.6	6.6	1	99	93.4
0.61	4.8	0.6	99.4	95.2
0.62	5.6	0.6	99.4	94.4
0.63	5.6	0.2	99.8	94.4
0.64	5.2	0.2	99.8	94.8
0.65	4	0.6	99.4	96
0.66	4.2	0.2	99.8	95.8
0.67	4.8	0.4	99.6	95.2
0.68	6.6	0	100	93.4
0.69	5	0	100	95
0.7	6.2	0	100	93.8
0.71	4.8	0.2	99.8	95.2
0.72	4	0	100	96
0.73	4.6	0	100	95.4
0.74	4.4	0	100	95.6
0.75	4.8	0	100	95.2
0.76	3.8	0	100	96.2
0.77	4.4	0	100	95.6
0.78	6	0	100	94
0.79	5.2	0	100	94.8
0.8	6.6	0	100	93.4
0.81	4.2	0	100	95.8
0.82	3.8	0	100	96.2
0.83	5.8	0	100	94.2
0.84	5	0	100	95
0.85	4.8	0	100	95.2
0.86	6	0	100	94
0.87	5.2	0	100	94.8
0.88	5.8	0	100	94.2
0.89	4.8	0	100	95.2
0.9	2.2	0	100	97.8
0.91	4.6	0	100	95.4
0.92	4.6	0	100	95.4
0.93	4.2	0	100	95.8
0.94	3.6	0	100	96.4
0.95	3.6	0	100	96.4
0.96	5.4	0	100	94.6
0.97	5.2	0	100	94.8
0.98	5.4	0	100	94.6
0.99	3.8	0	100	96.2
1	4	0	100	96
1.01	5.4	0	100	94.6
1.02	5.8	0	100	94.2
1.03	4	0	100	96
1.04	6.6	0	100	93.4
1.05	6.6	0	100	93.4
1.06	6.4	0	100	93.6
1.07	6	0	100	94
1.08	4.2	0	100	95.8
1.09	9	0	100	91
1.1	4.6	0	100	95.4
1.11	5.2	0	100	94.8
1.12	4.8	0	100	95.2
1.13	4.2	0	100	95.8
1.14	6.2	0	100	93.8
1.15	6.2	0	100	93.8
1.16	6.8	0	100	93.2
1.17	3.8	0	100	96.2
1.18	4.6	0	100	95.4
1.19	4.4	0	100	95.6
1.2	7.2	0	100	92.8
1.21	4.8	0	100	95.2
1.22	4.2	0	100	95.8
1.23	5.8	0	100	94.2
1.24	5.4	0	100	94.6
1.25	4.4	0	100	95.6
1.26	4.6	0	100	95.4
1.27	5.4	0	100	94.6
1.28	4.8	0	100	95.2
1.29	5.2	0	100	94.8
1.3	4.6	0	100	95.4
1.31	5	0	100	95
1.32	5	0	100	95
1.33	3.8	0	100	96.2
1.34	3.4	0	100	96.6
1.35	4.8	0	100	95.2
1.36	5.6	0	100	94.4
1.37	2.8	0	100	97.2
1.38	6.2	0	100	93.8
1.39	5.4	0	100	94.6
1.4	5.2	0	100	94.8
1.41	5	0	100	95
1.42	6.4	0	100	93.6
1.43	3.8	0	100	96.2
1.44	4	0	100	96
1.45	4.2	0	100	95.8
1.46	4	0	100	96
1.47	5	0	100	95
1.48	4.6	0	100	95.4
1.49	4.4	0	100	95.6
1.5	5.6	0	100	94.4
1.51	4.8	0	100	95.2
1.52	4.6	0	100	95.4
1.53	5.2	0	100	94.8
1.54	4.4	0	100	95.6
1.55	4.2	0	100	95.8
1.56	5.8	0	100	94.2
1.57	5.6	0	100	94.4
1.58	5	0	100	95
1.59	4.4	0	100	95.6
1.6	3.8	0	100	96.2
1.61	5.8	0	100	94.2
1.62	4.6	0	100	95.4
1.63	5.6	0	100	94.4
1.64	6	0	100	94
1.65	6.8	0	100	93.2
1.66	4.2	0	100	95.8
1.67	4.2	0	100	95.8
1.68	6.2	0	100	93.8
1.69	4	0	100	96
1.7	5.6	0	100	94.4
1.71	4.4	0	100	95.6
1.72	5.4	0	100	94.6
1.73	5.6	0	100	94.4
1.74	7	0	100	93
1.75	6	0	100	94
1.76	6.2	0	100	93.8
1.77	6	0	100	94
1.78	5.8	0	100	94.2
1.79	4.4	0	100	95.6
1.8	3.8	0	100	96.2
1.81	4	0	100	96
1.82	4.8	0	100	95.2
1.83	5.4	0	100	94.6
1.84	5.6	0	100	94.4
1.85	5	0	100	95
1.86	5.2	0	100	94.8
1.87	5	0	100	95
1.88	4	0	100	96
1.89	4.4	0	100	95.6
1.9	5.4	0	100	94.6
1.91	3.8	0	100	96.2
1.92	4.6	0	100	95.4
1.93	4	0	100	96
1.94	5	0	100	95
1.95	6.8	0	100	93.2
1.96	6	0	100	94
1.97	5.4	0	100	94.6
1.98	5.6	0	100	94.4
1.99	4.2	0	100	95.8
2	4.4	0	100	95.6
2.01	5	0	100	95
2.02	4.2	0	100	95.8
2.03	4	0	100	96
2.04	5.8	0	100	94.2
2.05	2.8	0	100	97.2
2.06	5.2	0	100	94.8
2.07	5	0	100	95
2.08	5	0	100	95
2.09	6.4	0	100	93.6
2.1	5.2	0	100	94.8
2.11	4	0	100	96
2.12	5	0	100	95
2.13	4.2	0	100	95.8
2.14	4.6	0	100	95.4
2.15	6.2	0	100	93.8
2.16	6.6	0	100	93.4
2.17	4.4	0	100	95.6
2.18	6	0	100	94
2.19	4.2	0	100	95.8
2.2	3.4	0	100	96.6
2.21	3.6	0	100	96.4
2.22	5.2	0	100	94.8
2.23	4.4	0	100	95.6
2.24	3.2	0	100	96.8
2.25	4.2	0	100	95.8
2.26	3.4	0	100	96.6
2.27	4.2	0	100	95.8
2.28	6.4	0	100	93.6
2.29	6.2	0	100	93.8
2.3	4.8	0	100	95.2
2.31	3.6	0	100	96.4
2.32	6.6	0	100	93.4
2.33	4.8	0	100	95.2
2.34	7	0	100	93
2.35	4.4	0	100	95.6
2.36	2.8	0	100	97.2
2.37	5.4	0	100	94.6
2.38	3.2	0	100	96.8
2.39	3.6	0	100	96.4
2.4	3.8	0	100	96.2
2.41	4	0	100	96
2.42	3	0	100	97
2.43	4.6	0	100	95.4
2.44	4.4	0	100	95.6
2.45	5.2	0	100	94.8
2.46	4.8	0	100	95.2
2.47	4.6	0	100	95.4
2.48	4.4	0	100	95.6
2.49	4	0	100	96
2.5	5.2	0	100	94.8
2.51	6.2	0	100	93.8
2.52	5.4	0	100	94.6
2.53	5.6	0	100	94.4
2.54	3.2	0	100	96.8
2.55	4.8	0	100	95.2
2.56	4.8	0	100	95.2
2.57	5.2	0	100	94.8
2.58	4.8	0	100	95.2
2.59	4.6	0	100	95.4
2.6	5	0	100	95
2.61	5.2	0	100	94.8
2.62	5.2	0	100	94.8
2.63	4.8	0	100	95.2
2.64	4.8	0	100	95.2
2.65	3.8	0	100	96.2
2.66	4.2	0	100	95.8
2.67	6	0	100	94
2.68	5.4	0	100	94.6
2.69	5	0	100	95
2.7	3.4	0	100	96.6
2.71	5.4	0	100	94.6
2.72	4.2	0	100	95.8
2.73	5.8	0	100	94.2
2.74	4.4	0	100	95.6
2.75	4.4	0	100	95.6
2.76	4.6	0	100	95.4
2.77	4.8	0	100	95.2
2.78	5.4	0	100	94.6
2.79	5.2	0	100	94.8
2.8	4	0	100	96
2.81	5.6	0	100	94.4
2.82	6	0	100	94
2.83	4.8	0	100	95.2
2.84	5.8	0	100	94.2
2.85	5	0	100	95
2.86	6.2	0	100	93.8
2.87	3.8	0	100	96.2
2.88	6	0	100	94
2.89	4.8	0	100	95.2
2.9	4.2	0	100	95.8
2.91	7.2	0	100	92.8
2.92	5.8	0	100	94.2
2.93	5.4	0	100	94.6
2.94	4.2	0	100	95.8
2.95	5.6	0	100	94.4
2.96	4.8	0	100	95.2
2.97	2.8	0	100	97.2
2.98	4.2	0	100	95.8
2.99	6.6	0	100	93.4
3	4.2	0	100	95.8
