t	FPR	FNR	TRP	TNR
1	100	0	100	0
1.01	100	0	100	0
1.02	100	0	100	0
1.03	100	0	100	0
1.04	100	0	100	0
1.05	100	0	100	0
1.06	100	0	100	0
1.07	100	0	100	0
1.08	100	0	100	0
1.09	100	0	100	0
1.1	100	0	100	0
1.11	100	0	100	0
1.12	100	0	100	0
1.13	100	0	100	0
1.14	100	0	100	0
1.15	100	0	100	0
1.16	100	0	100	0
1.17	99.6	0	100	0.4
1.18	100	0	100	0
1.19	100	0	100	0
1.2	100	0	100	0
1.21	100	0	100	0
1.22	100	0	100	0
1.23	99.8	0	100	0.2
1.24	100	0	100	0
1.25	100	0	100	0
1.26	100	0	100	0
1.27	100	0	100	0
1.28	100	0	100	0
1.29	100	0	100	0
1.3	100	0	100	0
1.31	100	0	100	0
1.32	100	0	100	0
1.33	100	0	100	0
1.34	100	0	100	0
1.35	100	0	100	0
1.36	99.8	0	100	0.2
1.37	100	0	100	0
1.38	99.8	0	100	0.2
1.39	99.8	0	100	0.2
1.4	99.6	0	100	0.4
1.41	100	0	100	0
1.42	99.2	0	100	0.8
1.43	99.6	0	100	0.4
1.44	99.8	0	100	0.2
1.45	99.4	0	100	0.6
1.46	99.8	0	100	0.2
1.47	99.6	0	100	0.4
1.48	99.2	0	100	0.8
1.49	99	0	100	1
1.5	99	0	100	1
1.51	99.6	0	100	0.4
1.52	99.6	0	100	0.4
1.53	99	0	100	1
1.54	98.8	0	100	1.2
1.55	99.6	0	100	0.4
1.56	99.4	0	100	0.6
1.57	99	0	100	1
1.58	99.2	0	100	0.8
1.59	99	0	100	1
1.6	98.8	0	100	1.2
1.61	97.6	0	100	2.4
1.62	99.2	0	100	0.8
1.63	98.2	0	100	1.8
1.64	98.4	0	100	1.6
1.65	99.4	0	100	0.6
1.66	98.4	0	100	1.6
1.67	97.6	0	100	2.4
1.68	97.8	0	100	2.2
1.69	97.6	0	100	2.4
1.7	97.8	0	100	2.2
1.71	97.4	0	100	2.6
1.72	97.4	0	100	2.6
1.73	97.6	0	100	2.4
1.74	96.8	0	100	3.2
1.75	98.8	0	100	1.2
1.76	97.6	0	100	2.4
1.77	97.6	0	100	2.4
1.78	95.2	0	100	4.8
1.79	96.2	0	100	3.8
1.8	97.6	0	100	2.4
1.81	97.6	0	100	2.4
1.82	96.6	0	100	3.4
1.83	95	0	100	5
1.84	94.8	0	100	5.2
1.85	93.8	0	100	6.2
1.86	96	0	100	4
1.87	95.2	0	100	4.8
1.88	94.6	0	100	5.4
1.89	95.6	0	100	4.4
1.9	94.2	0	100	5.8
1.91	96	0	100	4
1.92	93.2	0	100	6.8
1.93	95.2	0	100	4.8
1.94	95.4	0	100	4.6
1.95	93.4	0	100	6.6
1.96	95.6	0	100	4.4
1.97	94.8	0	100	5.2
1.98	93.2	0	100	6.8
1.99	93.4	0	100	6.6
2	94	0	100	6
2.01	92.6	0	100	7.4
2.02	91.8	0	100	8.2
2.03	90.6	0	100	9.4
2.04	90.4	0	100	9.6
2.05	91.4	0	100	8.6
2.06	92	0	100	8
2.07	92.4	0	100	7.6
2.08	89.8	0	100	10.2
2.09	89.8	0	100	10.2
2.1	91.6	0	100	8.4
2.11	89.8	0	100	10.2
2.12	94.2	0	100	5.8
2.13	89.4	0	100	10.6
2.14	88.4	0	100	11.6
2.15	88.2	0	100	11.8
2.16	89.2	0	100	10.8
2.17	88.2	0	100	11.8
2.18	88.4	0	100	11.6
2.19	90.2	0	100	9.8
2.2	87.8	0	100	12.2
2.21	87.2	0	100	12.8
2.22	88.6	0	100	11.4
2.23	87.2	0	100	12.8
2.24	86.2	0	100	13.8
2.25	87.4	0	100	12.6
2.26	84.2	0	100	15.8
2.27	87.8	0	100	12.2
2.28	86.2	0	100	13.8
2.29	86.6	0	100	13.4
2.3	85.6	0	100	14.4
2.31	85.6	0	100	14.4
2.32	84.4	0	100	15.6
2.33	86	0	100	14
2.34	81.2	0	100	18.8
2.35	85	0	100	15
2.36	84.4	0	100	15.6
2.37	84.4	0	100	15.6
2.38	85	0	100	15
2.39	81.2	0	100	18.8
2.4	81.2	0	100	18.8
2.41	82.2	0	100	17.8
2.42	83.4	0	100	16.6
2.43	82.4	0	100	17.6
2.44	80.8	0	100	19.2
2.45	82.2	0	100	17.8
2.46	81.8	0	100	18.2
2.47	80.2	0	100	19.8
2.48	80.6	0	100	19.4
2.49	77.6	0	100	22.4
2.5	80.8	0	100	19.2
2.51	77.4	0	100	22.6
2.52	77.8	0	100	22.2
2.53	80.6	0	100	19.4
2.54	76.2	0	100	23.8
2.55	79.2	0	100	20.8
2.56	77.6	0	100	22.4
2.57	78.8	0	100	21.2
2.58	79.4	0	100	20.6
2.59	79.6	0	100	20.4
2.6	74.4	0	100	25.6
2.61	78.4	0	100	21.6
2.62	78.8	0	100	21.2
2.63	75.6	0	100	24.4
2.64	75.6	0	100	24.4
2.65	74	0	100	26
2.66	75.6	0	100	24.4
2.67	77.6	0	100	22.4
2.68	72.2	0.2	99.8	27.8
2.69	74.6	0	100	25.4
2.7	75.4	0	100	24.6
2.71	76.6	0	100	23.4
2.72	74.2	0.2	99.8	25.8
2.73	75.4	0	100	24.6
2.74	74.2	0	100	25.8
2.75	74.4	0	100	25.6
2.76	70.6	0	100	29.4
2.77	71.4	0	100	28.6
2.78	71.8	0	100	28.2
2.79	70	0.2	99.8	30
2.8	73.2	0	100	26.8
2.81	70.6	0.4	99.6	29.4
2.82	73.6	0.2	99.8	26.4
2.83	70.8	0.2	99.8	29.2
2.84	71	0	100	29
2.85	67.2	0	100	32.8
2.86	67.6	0	100	32.4
2.87	73	0	100	27
2.88	69.4	0	100	30.6
2.89	70.6	0	100	29.4
2.9	70.2	0	100	29.8
2.91	67.4	0	100	32.6
2.92	68.6	0	100	31.4
2.93	69.8	0.2	99.8	30.2
2.94	65	0.4	99.6	35
2.95	67.6	0	100	32.4
2.96	69.8	0	100	30.2
2.97	69.6	0.2	99.8	30.4
2.98	63	0	100	37
2.99	69	0.4	99.6	31
3	64.6	0.2	99.8	35.4
