t	FPR	FNR	TRP	TNR
1	100	0	100	0
1.01	100	0	100	0
1.02	100	0	100	0
1.03	100	0	100	0
1.04	100	0	100	0
1.05	100	0	100	0
1.06	100	0	100	0
1.07	100	0	100	0
1.08	100	0	100	0
1.09	100	0	100	0
1.1	100	0	100	0
1.11	100	0	100	0
1.12	100	0	100	0
1.13	100	0	100	0
1.14	100	0	100	0
1.15	100	0	100	0
1.16	100	0	100	0
1.17	100	0	100	0
1.18	100	0	100	0
1.19	100	0	100	0
1.2	100	0	100	0
1.21	100	0	100	0
1.22	100	0	100	0
1.23	100	0	100	0
1.24	100	0	100	0
1.25	100	0	100	0
1.26	100	0	100	0
1.27	100	0	100	0
1.28	100	0	100	0
1.29	100	0	100	0
1.3	100	0	100	0
1.31	100	0	100	0
1.32	100	0	100	0
1.33	100	0	100	0
1.34	100	0	100	0
1.35	100	0	100	0
1.36	100	0	100	0
1.37	100	0	100	0
1.38	100	0	100	0
1.39	100	0	100	0
1.4	100	0	100	0
1.41	100	0	100	0
1.42	100	0	100	0
1.43	100	0	100	0
1.44	100	0	100	0
1.45	100	0	100	0
1.46	100	0	100	0
1.47	100	0	100	0
1.48	100	0	100	0
1.49	100	0	100	0
1.5	100	0	100	0
1.51	100	0	100	0
1.52	100	0	100	0
1.53	100	0	100	0
1.54	100	0	100	0
1.55	100	0	100	0
1.56	100	0	100	0
1.57	100	0	100	0
1.58	100	0	100	0
1.59	100	0	100	0
1.6	100	0	100	0
1.61	100	0	100	0
1.62	100	0	100	0
1.63	100	0	100	0
1.64	100	0	100	0
1.65	100	0	100	0
1.66	99.8	0	100	0.2
1.67	99.6	0	100	0.4
1.68	99.8	0	100	0.2
1.69	100	0	100	0
1.7	100	0	100	0
1.71	100	0	100	0
1.72	100	0	100	0
1.73	100	0	100	0
1.74	100	0	100	0
1.75	100	0	100	0
1.76	99.8	0	100	0.2
1.77	100	0	100	0
1.78	100	0	100	0
1.79	100	0	100	0
1.8	100	0	100	0
1.81	100	0	100	0
1.82	99.8	0	100	0.2
1.83	100	0	100	0
1.84	99.6	0	100	0.4
1.85	100	0	100	0
1.86	100	0	100	0
1.87	99.8	0	100	0.2
1.88	99.8	0	100	0.2
1.89	99.8	0	100	0.2
1.9	100	0	100	0
1.91	99.8	0	100	0.2
1.92	99.6	0	100	0.4
1.93	100	0	100	0
1.94	99.2	0	100	0.8
1.95	99.6	0	100	0.4
1.96	99.6	0	100	0.4
1.97	99.8	0	100	0.2
1.98	99.2	0	100	0.8
1.99	99.6	0	100	0.4
2	99	0	100	1
2.01	99.8	0	100	0.2
2.02	99.2	0	100	0.8
2.03	99.2	0	100	0.8
2.04	99.6	0	100	0.4
2.05	99.6	0	100	0.4
2.06	99	0	100	1
2.07	98.6	0	100	1.4
2.08	99	0	100	1
2.09	98.4	0	100	1.6
2.1	99	0	100	1
2.11	99.2	0	100	0.8
2.12	98.6	0	100	1.4
2.13	99.4	0	100	0.6
2.14	99.8	0	100	0.2
2.15	98.4	0	100	1.6
2.16	98.2	0	100	1.8
2.17	99.2	0	100	0.8
2.18	98.4	0	100	1.6
2.19	99	0	100	1
2.2	97.6	0	100	2.4
2.21	98	0	100	2
2.22	97.4	0	100	2.6
2.23	98	0	100	2
2.24	98.6	0	100	1.4
2.25	98.4	0	100	1.6
2.26	98.2	0	100	1.8
2.27	97.6	0	100	2.4
2.28	98.8	0	100	1.2
2.29	98.8	0	100	1.2
2.3	97.4	0	100	2.6
2.31	97	0	100	3
2.32	98.4	0	100	1.6
2.33	98.6	0	100	1.4
2.34	96.6	0	100	3.4
2.35	98	0	100	2
2.36	96.6	0	100	3.4
2.37	99	0	100	1
2.38	96	0	100	4
2.39	97	0	100	3
2.4	95.8	0	100	4.2
2.41	96.6	0	100	3.4
2.42	97.8	0	100	2.2
2.43	95.4	0	100	4.6
2.44	97	0	100	3
2.45	96.4	0	100	3.6
2.46	96.6	0	100	3.4
2.47	95.4	0	100	4.6
2.48	95.8	0	100	4.2
2.49	95.4	0	100	4.6
2.5	95	0	100	5
2.51	96.4	0	100	3.6
2.52	96.6	0	100	3.4
2.53	96.4	0	100	3.6
2.54	94.6	0	100	5.4
2.55	95.6	0	100	4.4
2.56	95.4	0	100	4.6
2.57	95.6	0	100	4.4
2.58	93.8	0	100	6.2
2.59	94.4	0	100	5.6
2.6	94.4	0	100	5.6
2.61	95.6	0	100	4.4
2.62	94.8	0	100	5.2
2.63	92.8	0	100	7.2
2.64	94	0	100	6
2.65	94	0	100	6
2.66	94	0	100	6
2.67	94.2	0	100	5.8
2.68	94.4	0	100	5.6
2.69	93.8	0	100	6.2
2.7	92.8	0	100	7.2
2.71	92.6	0	100	7.4
2.72	91.8	0	100	8.2
2.73	91.2	0	100	8.8
2.74	92.4	0	100	7.6
2.75	90.6	0	100	9.4
2.76	89.6	0	100	10.4
2.77	90	0	100	10
2.78	91	0	100	9
2.79	91.2	0	100	8.8
2.8	92.4	0	100	7.6
2.81	91	0	100	9
2.82	89.6	0	100	10.4
2.83	90.6	0	100	9.4
2.84	89.6	0	100	10.4
2.85	89	0	100	11
2.86	90.2	0	100	9.8
2.87	90	0	100	10
2.88	92.6	0	100	7.4
2.89	90.2	0	100	9.8
2.9	91.4	0	100	8.6
2.91	85.8	0	100	14.2
2.92	87.8	0	100	12.2
2.93	87.6	0	100	12.4
2.94	88.2	0	100	11.8
2.95	90.4	0	100	9.6
2.96	87.6	0	100	12.4
2.97	87.2	0	100	12.8
2.98	85.8	0	100	14.2
2.99	87	0	100	13
3	88.2	0	100	11.8
