t	FPR	FNR	TRP	TNR
1	100	0	100	0
1.01	100	0	100	0
1.02	100	0	100	0
1.03	100	0	100	0
1.04	100	0	100	0
1.05	100	0	100	0
1.06	100	0	100	0
1.07	100	0	100	0
1.08	100	0	100	0
1.09	100	0	100	0
1.1	100	0	100	0
1.11	100	0	100	0
1.12	100	0	100	0
1.13	100	0	100	0
1.14	100	0	100	0
1.15	100	0	100	0
1.16	100	0	100	0
1.17	100	0	100	0
1.18	100	0	100	0
1.19	100	0	100	0
1.2	100	0	100	0
1.21	100	0	100	0
1.22	100	0	100	0
1.23	100	0	100	0
1.24	100	0	100	0
1.25	100	0	100	0
1.26	100	0	100	0
1.27	100	0	100	0
1.28	100	0	100	0
1.29	100	0	100	0
1.3	100	0	100	0
1.31	100	0	100	0
1.32	100	0	100	0
1.33	100	0	100	0
1.34	100	0	100	0
1.35	100	0	100	0
1.36	100	0	100	0
1.37	100	0	100	0
1.38	100	0	100	0
1.39	100	0	100	0
1.4	100	0	100	0
1.41	100	0	100	0
1.42	100	0	100	0
1.43	100	0	100	0
1.44	100	0	100	0
1.45	100	0	100	0
1.46	100	0	100	0
1.47	99.8	0	100	0.2
1.48	100	0	100	0
1.49	100	0	100	0
1.5	100	0	100	0
1.51	100	0	100	0
1.52	100	0	100	0
1.53	100	0	100	0
1.54	99.8	0	100	0.2
1.55	100	0	100	0
1.56	100	0	100	0
1.57	100	0	100	0
1.58	99.8	0	100	0.2
1.59	100	0	100	0
1.6	99.8	0	100	0.2
1.61	100	0	100	0
1.62	100	0	100	0
1.63	99.6	0	100	0.4
1.64	100	0	100	0
1.65	99	0	100	1
1.66	99.4	0	100	0.6
1.67	99.8	0	100	0.2
1.68	99.8	0	100	0.2
1.69	99.8	0	100	0.2
1.7	99.8	0	100	0.2
1.71	99.8	0	100	0.2
1.72	100	0	100	0
1.73	99.6	0	100	0.4
1.74	99.2	0	100	0.8
1.75	99.8	0	100	0.2
1.76	99.6	0	100	0.4
1.77	99.6	0	100	0.4
1.78	99.4	0	100	0.6
1.79	99.4	0	100	0.6
1.8	99.4	0	100	0.6
1.81	99	0	100	1
1.82	99.6	0	100	0.4
1.83	99	0	100	1
1.84	99.8	0	100	0.2
1.85	99	0	100	1
1.86	99.4	0	100	0.6
1.87	99.4	0	100	0.6
1.88	98.6	0	100	1.4
1.89	99	0	100	1
1.9	98.4	0	100	1.6
1.91	99	0	100	1
1.92	99	0	100	1
1.93	97.8	0	100	2.2
1.94	98.6	0	100	1.4
1.95	98.4	0	100	1.6
1.96	99	0	100	1
1.97	98.6	0	100	1.4
1.98	97.2	0	100	2.8
1.99	97.4	0	100	2.6
2	98.8	0	100	1.2
2.01	97.6	0	100	2.4
2.02	97.4	0	100	2.6
2.03	98.2	0	100	1.8
2.04	98.4	0	100	1.6
2.05	98	0	100	2
2.06	97	0	100	3
2.07	97	0	100	3
2.08	97.6	0	100	2.4
2.09	98.6	0	100	1.4
2.1	97.6	0	100	2.4
2.11	96.6	0	100	3.4
2.12	96.4	0	100	3.6
2.13	98	0	100	2
2.14	96.8	0	100	3.2
2.15	96.4	0	100	3.6
2.16	96.6	0	100	3.4
2.17	96	0	100	4
2.18	96.8	0	100	3.2
2.19	96.2	0	100	3.8
2.2	91.6	0	100	8.4
2.21	95.4	0	100	4.6
2.22	95.8	0	100	4.2
2.23	94.6	0	100	5.4
2.24	95	0	100	5
2.25	94.2	0	100	5.8
2.26	94.4	0	100	5.6
2.27	94.4	0	100	5.6
2.28	95	0	100	5
2.29	94.6	0	100	5.4
2.3	94	0	100	6
2.31	94.4	0	100	5.6
2.32	93.6	0	100	6.4
2.33	93.6	0	100	6.4
2.34	95.2	0	100	4.8
2.35	93.4	0	100	6.6
2.36	93.6	0	100	6.4
2.37	92.8	0	100	7.2
2.38	92.2	0	100	7.8
2.39	92.6	0	100	7.4
2.4	91.6	0	100	8.4
2.41	92.4	0	100	7.6
2.42	93.4	0	100	6.6
2.43	91.8	0	100	8.2
2.44	92	0	100	8
2.45	90	0	100	10
2.46	91.6	0	100	8.4
2.47	92.6	0	100	7.4
2.48	92.2	0	100	7.8
2.49	91.4	0	100	8.6
2.5	90.4	0	100	9.6
2.51	92.2	0	100	7.8
2.52	93.8	0	100	6.2
2.53	90.2	0	100	9.8
2.54	88	0	100	12
2.55	90.4	0	100	9.6
2.56	86.2	0	100	13.8
2.57	89.8	0	100	10.2
2.58	89.4	0	100	10.6
2.59	88.6	0	100	11.4
2.6	86	0	100	14
2.61	90.2	0	100	9.8
2.62	87.8	0	100	12.2
2.63	86.2	0	100	13.8
2.64	89.8	0	100	10.2
2.65	86	0	100	14
2.66	92.4	0	100	7.6
2.67	85.6	0	100	14.4
2.68	87.4	0	100	12.6
2.69	85.2	0	100	14.8
2.7	83.8	0	100	16.2
2.71	84.6	0	100	15.4
2.72	84.6	0	100	15.4
2.73	85.4	0	100	14.6
2.74	87.2	0	100	12.8
2.75	83.8	0	100	16.2
2.76	85	0	100	15
2.77	86.4	0	100	13.6
2.78	85.8	0	100	14.2
2.79	82.8	0	100	17.2
2.8	83	0	100	17
2.81	82.8	0	100	17.2
2.82	84.6	0	100	15.4
2.83	83.8	0	100	16.2
2.84	80.8	0	100	19.2
2.85	81.8	0	100	18.2
2.86	81	0	100	19
2.87	84.6	0	100	15.4
2.88	81.6	0	100	18.4
2.89	81.6	0	100	18.4
2.9	78.6	0	100	21.4
2.91	80.8	0	100	19.2
2.92	80.2	0.2	99.8	19.8
2.93	78.2	0	100	21.8
2.94	81.6	0.2	99.8	18.4
2.95	81	0	100	19
2.96	79.2	0	100	20.8
2.97	80.4	0	100	19.6
2.98	79.4	0	100	20.6
2.99	79	0	100	21
3	79	0	100	21
