t	FPR	FNR	TRP	TNR
1	87	0	100	13
1.01	85	0	100	15
1.02	86.4	0	100	13.6
1.03	83.8	0	100	16.2
1.04	86	0	100	14
1.05	84.4	0	100	15.6
1.06	87	0	100	13
1.07	83.2	0	100	16.8
1.08	84.2	0	100	15.8
1.09	82	0	100	18
1.1	81.4	0	100	18.6
1.11	83	0	100	17
1.12	83.4	0	100	16.6
1.13	79	0	100	21
1.14	79	0	100	21
1.15	76.6	0	100	23.4
1.16	79.4	0	100	20.6
1.17	80.2	0	100	19.8
1.18	77.8	0	100	22.2
1.19	79.2	0	100	20.8
1.2	74.6	0	100	25.4
1.21	76.4	0	100	23.6
1.22	79.4	0	100	20.6
1.23	70.4	0	100	29.6
1.24	75.2	0	100	24.8
1.25	75.4	0	100	24.6
1.26	76.6	0	100	23.4
1.27	73.4	0	100	26.6
1.28	71.2	0	100	28.8
1.29	74.8	0	100	25.2
1.3	70.2	0	100	29.8
1.31	69.6	0	100	30.4
1.32	70.4	0	100	29.6
1.33	71.2	0	100	28.8
1.34	68.6	0	100	31.4
1.35	70.2	0	100	29.8
1.36	70.6	0	100	29.4
1.37	68.6	0	100	31.4
1.38	68.8	0	100	31.2
1.39	64.4	0	100	35.6
1.4	67.8	0	100	32.2
1.41	64.8	0	100	35.2
1.42	70.4	0	100	29.6
1.43	67.2	0	100	32.8
1.44	66.4	0	100	33.6
1.45	66	0	100	34
1.46	67.2	0	100	32.8
1.47	68	0	100	32
1.48	63.8	0	100	36.2
1.49	61.8	0	100	38.2
1.5	62	0	100	38
1.51	63.6	0.2	99.8	36.4
1.52	59.4	0	100	40.6
1.53	63.4	0	100	36.6
1.54	61.8	0.2	99.8	38.2
1.55	58.2	0	100	41.8
1.56	60.6	0	100	39.4
1.57	59.2	0	100	40.8
1.58	59	0	100	41
1.59	59	0.2	99.8	41
1.6	61.2	0.2	99.8	38.8
1.61	61.8	0	100	38.2
1.62	60.4	0	100	39.6
1.63	59.8	0	100	40.2
1.64	59.6	0.2	99.8	40.4
1.65	56.6	0.6	99.4	43.4
1.66	56.8	0.2	99.8	43.2
1.67	55.8	0.2	99.8	44.2
1.68	57	0.4	99.6	43
1.69	64.6	0.4	99.6	35.4
1.7	57.6	0.2	99.8	42.4
1.71	54.8	0.2	99.8	45.2
1.72	54.2	0.2	99.8	45.8
1.73	55.8	0.4	99.6	44.2
1.74	50.2	0.2	99.8	49.8
1.75	52	0	100	48
1.76	52	0	100	48
1.77	52.6	0.4	99.6	47.4
1.78	50.8	0.2	99.8	49.2
1.79	49.4	0.6	99.4	50.6
1.8	52.4	1	99	47.6
1.81	53.4	0.8	99.2	46.6
1.82	51.4	0.2	99.8	48.6
1.83	47.6	0.6	99.4	52.4
1.84	49.2	0.8	99.2	50.8
1.85	52.4	0.6	99.4	47.6
1.86	45.4	1	99	54.6
1.87	47.2	0.8	99.2	52.8
1.88	43.2	1.8	98.2	56.8
1.89	47.6	0.6	99.4	52.4
1.9	51.4	1.6	98.4	48.6
1.91	50.8	1	99	49.2
1.92	45.8	0.8	99.2	54.2
1.93	46.8	1.4	98.6	53.2
1.94	50.4	1	99	49.6
1.95	49.2	1.4	98.6	50.8
1.96	46	1	99	54
1.97	41	1	99	59
1.98	47	1.8	98.2	53
1.99	46.2	1.4	98.6	53.8
2	42	1.2	98.8	58
2.01	43.2	1.6	98.4	56.8
2.02	44.6	1.2	98.8	55.4
2.03	43.2	1.6	98.4	56.8
2.04	43.6	1.6	98.4	56.4
2.05	39.4	3.8	96.2	60.6
2.06	45	2	98	55
2.07	43.4	1.6	98.4	56.6
2.08	43.2	1.6	98.4	56.8
2.09	40.6	2.8	97.2	59.4
2.1	42.4	2.6	97.4	57.6
2.11	41.6	1	99	58.4
2.12	42	2.8	97.2	58
2.13	41.2	3.4	96.6	58.8
2.14	39.2	2	98	60.8
2.15	35.4	3.2	96.8	64.6
2.16	35.4	3	97	64.6
2.17	39.6	1.2	98.8	60.4
2.18	38	4.6	95.4	62
2.19	38.8	3.6	96.4	61.2
2.2	41.2	3.4	96.6	58.8
2.21	35.8	3	97	64.2
2.22	42.4	2	98	57.6
2.23	39.2	4.6	95.4	60.8
2.24	38.6	3.6	96.4	61.4
2.25	39.8	3.4	96.6	60.2
2.26	40.4	4.6	95.4	59.6
2.27	35	5.2	94.8	65
2.28	35.2	4.2	95.8	64.8
2.29	34.4	3	97	65.6
2.3	37.4	6.4	93.6	62.6
2.31	32	4.8	95.2	68
2.32	34.6	7.2	92.8	65.4
2.33	35.6	4.6	95.4	64.4
2.34	34.2	5.2	94.8	65.8
2.35	37.8	6.4	93.6	62.2
2.36	35	6.8	93.2	65
2.37	33	4.6	95.4	67
2.38	33.2	6	94	66.8
2.39	36.2	6.6	93.4	63.8
2.4	33.4	5.6	94.4	66.6
2.41	36.8	7.2	92.8	63.2
2.42	36.2	7.8	92.2	63.8
2.43	31.4	7.4	92.6	68.6
2.44	34.4	6	94	65.6
2.45	35.2	7	93	64.8
2.46	32.4	8	92	67.6
2.47	31.4	11.6	88.4	68.6
2.48	33.6	7.2	92.8	66.4
2.49	33.2	10.8	89.2	66.8
2.5	31	11	89	69
2.51	32.4	9.8	90.2	67.6
2.52	32.8	8.2	91.8	67.2
2.53	31.2	7.2	92.8	68.8
2.54	35.8	9.8	90.2	64.2
2.55	32.6	8.6	91.4	67.4
2.56	30.8	9	91	69.2
2.57	33	9	91	67
2.58	29.6	12.6	87.4	70.4
2.59	26.2	9	91	73.8
2.6	26.8	12.4	87.6	73.2
2.61	27.6	10	90	72.4
2.62	29.8	14	86	70.2
2.63	31.4	14.2	85.8	68.6
2.64	28.6	11.8	88.2	71.4
2.65	28	11.8	88.2	72
2.66	28.4	11.2	88.8	71.6
2.67	31.4	13.4	86.6	68.6
2.68	28	12.4	87.6	72
2.69	28.6	14.8	85.2	71.4
2.7	28	11.6	88.4	72
2.71	29	11.6	88.4	71
2.72	31	14.6	85.4	69
2.73	28	14	86	72
2.74	30.2	16.2	83.8	69.8
2.75	25.4	14	86	74.6
2.76	31.4	14.2	85.8	68.6
2.77	28.6	13.4	86.6	71.4
2.78	30.4	17.8	82.2	69.6
2.79	27.2	14	86	72.8
2.8	23.8	16.8	83.2	76.2
2.81	28.4	18.8	81.2	71.6
2.82	26.2	17	83	73.8
2.83	29.6	16.4	83.6	70.4
2.84	27.2	15.8	84.2	72.8
2.85	26.4	14.8	85.2	73.6
2.86	23.6	19.4	80.6	76.4
2.87	27.4	15.8	84.2	72.6
2.88	24.8	19	81	75.2
2.89	26.2	16	84	73.8
2.9	26.6	17.4	82.6	73.4
2.91	26.6	23.2	76.8	73.4
2.92	25.4	19.2	80.8	74.6
2.93	21.4	17.4	82.6	78.6
2.94	29.6	15.8	84.2	70.4
2.95	26	17.8	82.2	74
2.96	23.2	20	80	76.8
2.97	24.8	21.8	78.2	75.2
2.98	22.8	20.6	79.4	77.2
2.99	28	22.8	77.2	72
3	25.6	20.6	79.4	74.4
