t	FPR	FNR	TRP	TNR
1	4.4	0	100	95.6
1.01	6.6	0	100	93.4
1.02	4.8	0	100	95.2
1.03	5	0	100	95
1.04	4.2	0	100	95.8
1.05	4	0	100	96
1.06	5.8	0	100	94.2
1.07	4.8	0	100	95.2
1.08	5.2	0	100	94.8
1.09	4.8	0	100	95.2
1.1	4	0	100	96
1.11	4.2	0	100	95.8
1.12	3.4	0	100	96.6
1.13	5.8	0	100	94.2
1.14	5.2	0	100	94.8
1.15	4.4	0	100	95.6
1.16	5	0	100	95
1.17	5	0	100	95
1.18	6.2	0	100	93.8
1.19	6.8	0	100	93.2
1.2	2.8	0	100	97.2
1.21	3.4	0	100	96.6
1.22	4.8	0	100	95.2
1.23	5.4	0	100	94.6
1.24	3.6	0	100	96.4
1.25	4.6	0	100	95.4
1.26	4.6	0	100	95.4
1.27	2.8	0	100	97.2
1.28	6.4	0	100	93.6
1.29	6.8	0	100	93.2
1.3	5.6	0	100	94.4
1.31	5.8	0	100	94.2
1.32	5.6	0	100	94.4
1.33	4.8	0	100	95.2
1.34	6.2	0	100	93.8
1.35	5	0	100	95
1.36	4	0	100	96
1.37	4.8	0	100	95.2
1.38	5	0	100	95
1.39	4.2	0	100	95.8
1.4	4.6	0	100	95.4
1.41	5.8	0	100	94.2
1.42	5.4	0	100	94.6
1.43	4.8	0	100	95.2
1.44	4.6	0	100	95.4
1.45	5.4	0	100	94.6
1.46	4.8	0	100	95.2
1.47	5	0	100	95
1.48	4.6	0	100	95.4
1.49	5.8	0	100	94.2
1.5	5.8	0	100	94.2
1.51	4.4	0	100	95.6
1.52	5.4	0	100	94.6
1.53	4.2	0	100	95.8
1.54	2.8	0	100	97.2
1.55	5.2	0.2	99.8	94.8
1.56	5	0	100	95
1.57	4.8	0	100	95.2
1.58	4.6	0	100	95.4
1.59	4.4	0	100	95.6
1.6	6.8	0	100	93.2
1.61	5	0	100	95
1.62	5.8	0	100	94.2
1.63	4.6	0	100	95.4
1.64	4.4	0	100	95.6
1.65	4.2	0	100	95.8
1.66	5.6	0	100	94.4
1.67	6	0	100	94
1.68	5.8	0	100	94.2
1.69	4	0	100	96
1.7	3.6	0	100	96.4
1.71	3.8	0	100	96.2
1.72	3.4	0	100	96.6
1.73	3.8	0	100	96.2
1.74	5.6	0	100	94.4
1.75	5.2	0	100	94.8
1.76	4	0	100	96
1.77	3.2	0	100	96.8
1.78	4.6	0	100	95.4
1.79	5	0	100	95
1.8	4.2	0	100	95.8
1.81	5.6	0	100	94.4
1.82	5.6	0	100	94.4
1.83	4.6	0	100	95.4
1.84	4.8	0	100	95.2
1.85	4.6	0	100	95.4
1.86	6.4	0	100	93.6
1.87	5.2	0	100	94.8
1.88	4	0	100	96
1.89	5	0	100	95
1.9	3.6	0	100	96.4
1.91	7	0.2	99.8	93
1.92	4.2	0	100	95.8
1.93	3.8	0	100	96.2
1.94	4.4	0	100	95.6
1.95	4.2	0	100	95.8
1.96	5	0.2	99.8	95
1.97	6.4	0.2	99.8	93.6
1.98	5.6	0	100	94.4
1.99	3.2	0	100	96.8
2	5.4	0.2	99.8	94.6
2.01	4.8	0.2	99.8	95.2
2.02	4.4	0	100	95.6
2.03	4	0	100	96
2.04	3.6	0	100	96.4
2.05	5.6	0.2	99.8	94.4
2.06	5	0	100	95
2.07	4	0	100	96
2.08	7.4	0.4	99.6	92.6
2.09	4.2	0	100	95.8
2.1	4.2	0.4	99.6	95.8
2.11	6.2	0	100	93.8
2.12	6.2	0.4	99.6	93.8
2.13	5.4	0	100	94.6
2.14	4.6	0.2	99.8	95.4
2.15	6	0.2	99.8	94
2.16	4.6	0.4	99.6	95.4
2.17	3.2	0.4	99.6	96.8
2.18	4	0.2	99.8	96
2.19	5.2	0.8	99.2	94.8
2.2	5.4	0.6	99.4	94.6
2.21	5.2	0.2	99.8	94.8
2.22	5.8	0.4	99.6	94.2
2.23	4.4	0.6	99.4	95.6
2.24	5	0.4	99.6	95
2.25	5.2	0.2	99.8	94.8
2.26	2.8	0.6	99.4	97.2
2.27	5	0.8	99.2	95
2.28	4.6	1	99	95.4
2.29	3.8	0.6	99.4	96.2
2.3	3.8	1.6	98.4	96.2
2.31	5	0.6	99.4	95
2.32	2.8	1	99	97.2
2.33	3.8	1.4	98.6	96.2
2.34	3.8	1	99	96.2
2.35	4.6	0.8	99.2	95.4
2.36	3.8	1.6	98.4	96.2
2.37	6.2	2	98	93.8
2.38	6.8	1.6	98.4	93.2
2.39	2.4	1	99	97.6
2.4	3.8	0.8	99.2	96.2
2.41	5	1.6	98.4	95
2.42	4.2	1	99	95.8
2.43	3.2	2	98	96.8
2.44	4.8	2.4	97.6	95.2
2.45	4	2.4	97.6	96
2.46	4.4	1.8	98.2	95.6
2.47	4	2.4	97.6	96
2.48	4.4	0.8	99.2	95.6
2.49	3.4	2	98	96.6
2.5	5.2	2	98	94.8
2.51	4.4	2.6	97.4	95.6
2.52	4	2.6	97.4	96
2.53	4.4	2.2	97.8	95.6
2.54	4	4.2	95.8	96
2.55	5	1.8	98.2	95
2.56	4.6	2.8	97.2	95.4
2.57	4.8	2.6	97.4	95.2
2.58	4	2.2	97.8	96
2.59	4.2	3.2	96.8	95.8
2.6	2.4	4	96	97.6
2.61	3.4	3.6	96.4	96.6
2.62	5.6	3.4	96.6	94.4
2.63	4.6	4.4	95.6	95.4
2.64	5.2	3.8	96.2	94.8
2.65	4.2	2.8	97.2	95.8
2.66	3.8	4.8	95.2	96.2
2.67	5.8	3.6	96.4	94.2
2.68	4.6	4.2	95.8	95.4
2.69	4	5.2	94.8	96
2.7	2.8	4.2	95.8	97.2
2.71	4.6	7	93	95.4
2.72	5	4.8	95.2	95
2.73	4.8	4.6	95.4	95.2
2.74	4	5.8	94.2	96
2.75	4.8	5.8	94.2	95.2
2.76	5.6	6.4	93.6	94.4
2.77	3.6	6.2	93.8	96.4
2.78	4.6	8	92	95.4
2.79	4	8	92	96
2.8	2.6	7.8	92.2	97.4
2.81	2.8	5.8	94.2	97.2
2.82	3.4	9.8	90.2	96.6
2.83	4.4	10.4	89.6	95.6
2.84	4.4	6.2	93.8	95.6
2.85	3	7.8	92.2	97
2.86	4.4	9.2	90.8	95.6
2.87	2.8	7.4	92.6	97.2
2.88	3.4	10.4	89.6	96.6
2.89	4.2	9.4	90.6	95.8
2.9	2.8	5.8	94.2	97.2
2.91	3.8	8.8	91.2	96.2
2.92	3.2	9.2	90.8	96.8
2.93	4.2	11.8	88.2	95.8
2.94	3.8	10.8	89.2	96.2
2.95	5.2	9.4	90.6	94.8
2.96	3.2	10	90	96.8
2.97	3.6	7.2	92.8	96.4
2.98	4.2	9	91	95.8
2.99	5.2	13	87	94.8
3	4	12.6	87.4	96
