t	FPR	FNR	TRP	TNR
1	4.6	0	100	95.4
1.01	5.2	0	100	94.8
1.02	7.6	0	100	92.4
1.03	3.8	0	100	96.2
1.04	5.2	0	100	94.8
1.05	4	0	100	96
1.06	6.8	0	100	93.2
1.07	5	0	100	95
1.08	5.8	0	100	94.2
1.09	5.4	0	100	94.6
1.1	5.4	0	100	94.6
1.11	5.4	0	100	94.6
1.12	5	0	100	95
1.13	4	0	100	96
1.14	5.8	0	100	94.2
1.15	5.8	0	100	94.2
1.16	5.4	0	100	94.6
1.17	4.6	0	100	95.4
1.18	6.8	0	100	93.2
1.19	5.2	0	100	94.8
1.2	4.4	0	100	95.6
1.21	4.8	0	100	95.2
1.22	4.6	0	100	95.4
1.23	4.6	0	100	95.4
1.24	5.2	0	100	94.8
1.25	5	0	100	95
1.26	6.8	0	100	93.2
1.27	5	0	100	95
1.28	3.4	0	100	96.6
1.29	4	0	100	96
1.3	5.2	0	100	94.8
1.31	4.8	0	100	95.2
1.32	4	0	100	96
1.33	5	0	100	95
1.34	5.2	0	100	94.8
1.35	4.8	0	100	95.2
1.36	4	0.2	99.8	96
1.37	6.6	0	100	93.4
1.38	4.2	0	100	95.8
1.39	5.4	0	100	94.6
1.4	4.8	0	100	95.2
1.41	4.6	0	100	95.4
1.42	7.2	0	100	92.8
1.43	5.6	0	100	94.4
1.44	4.8	0	100	95.2
1.45	4.8	0	100	95.2
1.46	6	0	100	94
1.47	5.4	0	100	94.6
1.48	4.4	0	100	95.6
1.49	7.2	0	100	92.8
1.5	7.4	0	100	92.6
1.51	5.2	0	100	94.8
1.52	4.6	0	100	95.4
1.53	6.2	0	100	93.8
1.54	5.6	0	100	94.4
1.55	3.6	0	100	96.4
1.56	4	0	100	96
1.57	4.6	0	100	95.4
1.58	4.8	0	100	95.2
1.59	7	0.4	99.6	93
1.6	4.2	0	100	95.8
1.61	5.4	0	100	94.6
1.62	4.2	0	100	95.8
1.63	4	0.4	99.6	96
1.64	3.6	0	100	96.4
1.65	3.8	0.2	99.8	96.2
1.66	5	0	100	95
1.67	6.4	0.4	99.6	93.6
1.68	4.4	0	100	95.6
1.69	3.8	0.2	99.8	96.2
1.7	4	0.2	99.8	96
1.71	4.6	0	100	95.4
1.72	5.2	0.2	99.8	94.8
1.73	3.2	0	100	96.8
1.74	4.2	0.2	99.8	95.8
1.75	5.2	0.6	99.4	94.8
1.76	5.6	0.4	99.6	94.4
1.77	3.4	0.2	99.8	96.6
1.78	4.8	0.2	99.8	95.2
1.79	6	0.4	99.6	94
1.8	6	0.2	99.8	94
1.81	5	0.6	99.4	95
1.82	5.8	0.8	99.2	94.2
1.83	5.6	0.6	99.4	94.4
1.84	4.2	0.4	99.6	95.8
1.85	5.6	0.8	99.2	94.4
1.86	5.4	1.2	98.8	94.6
1.87	4.4	0.6	99.4	95.6
1.88	6	0.8	99.2	94
1.89	4.4	1.6	98.4	95.6
1.9	5	1.2	98.8	95
1.91	5.6	2.2	97.8	94.4
1.92	5.2	1.2	98.8	94.8
1.93	5	1.2	98.8	95
1.94	6.2	0.4	99.6	93.8
1.95	4.4	1.6	98.4	95.6
1.96	2.8	2	98	97.2
1.97	5.4	1.4	98.6	94.6
1.98	5	1.4	98.6	95
1.99	3.6	3.4	96.6	96.4
2	4	1.6	98.4	96
2.01	2.8	2	98	97.2
2.02	6.8	3.4	96.6	93.2
2.03	5.8	2.4	97.6	94.2
2.04	4.2	4.2	95.8	95.8
2.05	5.4	2.6	97.4	94.6
2.06	4.2	2.6	97.4	95.8
2.07	2.6	3.2	96.8	97.4
2.08	5	2.8	97.2	95
2.09	4.2	5.2	94.8	95.8
2.1	4.2	2.8	97.2	95.8
2.11	4	3.4	96.6	96
2.12	3.2	2.2	97.8	96.8
2.13	3.4	3	97	96.6
2.14	4.8	5	95	95.2
2.15	4.4	3.2	96.8	95.6
2.16	4.6	3.8	96.2	95.4
2.17	3.4	5.4	94.6	96.6
2.18	4	4.6	95.4	96
2.19	5.2	4.6	95.4	94.8
2.2	4.6	5.4	94.6	95.4
2.21	3.4	6.2	93.8	96.6
2.22	4.4	7	93	95.6
2.23	3.2	5.4	94.6	96.8
2.24	4.8	6	94	95.2
2.25	5.2	7.8	92.2	94.8
2.26	5.4	7.8	92.2	94.6
2.27	5.2	8	92	94.8
2.28	4.2	7.2	92.8	95.8
2.29	4.6	6	94	95.4
2.3	2.8	7	93	97.2
2.31	5.4	7	93	94.6
2.32	5.4	8.6	91.4	94.6
2.33	4.8	8.8	91.2	95.2
2.34	2.6	10.6	89.4	97.4
2.35	5.8	7.4	92.6	94.2
2.36	4.8	9.8	90.2	95.2
2.37	3.8	9	91	96.2
2.38	5.6	7	93	94.4
2.39	5.4	7.8	92.2	94.6
2.4	5.2	9.6	90.4	94.8
2.41	4.8	10.8	89.2	95.2
2.42	4.4	9.8	90.2	95.6
2.43	3	11.8	88.2	97
2.44	3	12.6	87.4	97
2.45	4.6	10.4	89.6	95.4
2.46	4.6	10.8	89.2	95.4
2.47	4.2	11	89	95.8
2.48	4	15.8	84.2	96
2.49	3.2	10.6	89.4	96.8
2.5	4.2	12.6	87.4	95.8
2.51	4	16.6	83.4	96
2.52	4.6	13.8	86.2	95.4
2.53	4	16	84	96
2.54	3.2	14.2	85.8	96.8
2.55	3.8	18.2	81.8	96.2
2.56	3.8	14.2	85.8	96.2
2.57	3.4	15.4	84.6	96.6
2.58	3.6	17.8	82.2	96.4
2.59	5	14.6	85.4	95
2.6	5.2	15.2	84.8	94.8
2.61	2.4	19	81	97.6
2.62	3.6	18	82	96.4
2.63	4.6	20.2	79.8	95.4
2.64	3.6	19.6	80.4	96.4
2.65	2.6	19.2	80.8	97.4
2.66	3.4	20.2	79.8	96.6
2.67	3.2	22.2	77.8	96.8
2.68	4	19.8	80.2	96
2.69	3.2	20.6	79.4	96.8
2.7	5	21.8	78.2	95
2.71	3.6	20.6	79.4	96.4
2.72	5.2	22	78	94.8
2.73	4.4	23	77	95.6
2.74	2.6	22.2	77.8	97.4
2.75	3.4	22.4	77.6	96.6
2.76	2.2	26.6	73.4	97.8
2.77	3.6	24.8	75.2	96.4
2.78	3.2	23	77	96.8
2.79	3.2	27.8	72.2	96.8
2.8	3.2	25.4	74.6	96.8
2.81	5.4	29.2	70.8	94.6
2.82	4.2	24.2	75.8	95.8
2.83	2.6	24.6	75.4	97.4
2.84	3.4	28.8	71.2	96.6
2.85	3.4	25.8	74.2	96.6
2.86	4.8	25	75	95.2
2.87	3.4	26.6	73.4	96.6
2.88	4	31.6	68.4	96
2.89	4.4	30	70	95.6
2.9	4.2	27.4	72.6	95.8
2.91	3.6	27	73	96.4
2.92	2.6	34.8	65.2	97.4
2.93	4.4	28.8	71.2	95.6
2.94	3	29.2	70.8	97
2.95	3.2	33	67	96.8
2.96	2.8	28.6	71.4	97.2
2.97	2.8	29.4	70.6	97.2
2.98	3.8	30.6	69.4	96.2
2.99	2.6	33	67	97.4
3	2.6	38	62	97.4
