t	FPR	FNR	TRP	TNR
1	0.2	0	100	99.8
1.01	0.2	0	100	99.8
1.02	0.4	0	100	99.6
1.03	0.2	0.2	99.8	99.8
1.04	0	0.2	99.8	100
1.05	0	0.2	99.8	100
1.06	0	0.2	99.8	100
1.07	0.4	0.2	99.8	99.6
1.08	0	0	100	100
1.09	0	0.2	99.8	100
1.1	0	0.6	99.4	100
1.11	0.2	0.2	99.8	99.8
1.12	0.2	0.6	99.4	99.8
1.13	0	0	100	100
1.14	0	0	100	100
1.15	0.2	0.8	99.2	99.8
1.16	0.2	0.2	99.8	99.8
1.17	0	0.6	99.4	100
1.18	0.2	0.4	99.6	99.8
1.19	0.4	0.8	99.2	99.6
1.2	0.2	0.4	99.6	99.8
1.21	0.2	0.8	99.2	99.8
1.22	0.2	1.6	98.4	99.8
1.23	0	1.4	98.6	100
1.24	0	1.2	98.8	100
1.25	0.2	1	99	99.8
1.26	0.4	2	98	99.6
1.27	0.2	0.6	99.4	99.8
1.28	0	1.8	98.2	100
1.29	0	1.8	98.2	100
1.3	0	2.2	97.8	100
1.31	0.2	2.8	97.2	99.8
1.32	0.2	3.4	96.6	99.8
1.33	0.6	2	98	99.4
1.34	0.2	2.4	97.6	99.8
1.35	0.4	3.2	96.8	99.6
1.36	0.6	3.8	96.2	99.4
1.37	0	3.8	96.2	100
1.38	0	6.2	93.8	100
1.39	0.2	3.6	96.4	99.8
1.4	0	5.6	94.4	100
1.41	0	5.2	94.8	100
1.42	0	5.8	94.2	100
1.43	0	6.6	93.4	100
1.44	0	5.2	94.8	100
1.45	0.2	3.8	96.2	99.8
1.46	0	6.8	93.2	100
1.47	0.6	9	91	99.4
1.48	0	7.6	92.4	100
1.49	0	6	94	100
1.5	0.2	8.2	91.8	99.8
1.51	0.4	8.2	91.8	99.6
1.52	0.4	9	91	99.6
1.53	0.4	9	91	99.6
1.54	0.6	10.6	89.4	99.4
1.55	0.4	10.2	89.8	99.6
1.56	0.4	9.8	90.2	99.6
1.57	0	14	86	100
1.58	0.2	10	90	99.8
1.59	0.2	14.4	85.6	99.8
1.6	0	11.8	88.2	100
1.61	0.2	11.6	88.4	99.8
1.62	0.2	13	87	99.8
1.63	0	13.6	86.4	100
1.64	0.2	15	85	99.8
1.65	0.2	16.4	83.6	99.8
1.66	0.2	13	87	99.8
1.67	0.2	14	86	99.8
1.68	0.6	19.8	80.2	99.4
1.69	0	17.4	82.6	100
1.7	0.4	17.6	82.4	99.6
1.71	0.4	16.8	83.2	99.6
1.72	0	20	80	100
1.73	0	21.4	78.6	100
1.74	0.4	19	81	99.6
1.75	0.4	19	81	99.6
1.76	0	21.2	78.8	100
1.77	0.4	20.2	79.8	99.6
1.78	0	18	82	100
1.79	0.2	22.6	77.4	99.8
1.8	0.2	22	78	99.8
1.81	0.2	23.8	76.2	99.8
1.82	0	21.8	78.2	100
1.83	0.2	27.2	72.8	99.8
1.84	0	27	73	100
1.85	0.2	27.6	72.4	99.8
1.86	0.2	26.6	73.4	99.8
1.87	0	28.2	71.8	100
1.88	0	28	72	100
1.89	0.6	28.4	71.6	99.4
1.9	0.2	27.4	72.6	99.8
1.91	0.6	29.2	70.8	99.4
1.92	0.2	31	69	99.8
1.93	0.2	32	68	99.8
1.94	0	32.6	67.4	100
1.95	0	31.8	68.2	100
1.96	0	33.6	66.4	100
1.97	0	37.6	62.4	100
1.98	0.4	35.6	64.4	99.6
1.99	0.6	39	61	99.4
2	0.4	36.4	63.6	99.6
2.01	0.4	36.2	63.8	99.6
2.02	0	38.2	61.8	100
2.03	0.4	35	65	99.6
2.04	0	34.6	65.4	100
2.05	0.2	36.2	63.8	99.8
2.06	0	44.2	55.8	100
2.07	0.6	36.8	63.2	99.4
2.08	0	44.4	55.6	100
2.09	0	41.2	58.8	100
2.1	0.4	41.8	58.2	99.6
2.11	0	42.2	57.8	100
2.12	0	39.8	60.2	100
2.13	0	44.4	55.6	100
2.14	0	40.6	59.4	100
2.15	0.4	39.6	60.4	99.6
2.16	0.4	43	57	99.6
2.17	0	42.2	57.8	100
2.18	0	42.8	57.2	100
2.19	0	45.8	54.2	100
2.2	0.2	48.8	51.2	99.8
2.21	0.2	47.6	52.4	99.8
2.22	0	50.4	49.6	100
2.23	0	46.2	53.8	100
2.24	0.2	50.8	49.2	99.8
2.25	0	51.2	48.8	100
2.26	0.4	51.4	48.6	99.6
2.27	0.4	51.6	48.4	99.6
2.28	0	49.4	50.6	100
2.29	0	50	50	100
2.3	0	51.4	48.6	100
2.31	0	52.2	47.8	100
2.32	0.4	55.2	44.8	99.6
2.33	0.4	55.8	44.2	99.6
2.34	0.2	53	47	99.8
2.35	0.6	55.6	44.4	99.4
2.36	0.4	54	46	99.6
2.37	0	55.4	44.6	100
2.38	0.2	61	39	99.8
2.39	0	55.2	44.8	100
2.4	0	56	44	100
2.41	0	57.8	42.2	100
2.42	0	61.2	38.8	100
2.43	0	54.8	45.2	100
2.44	0.2	58.2	41.8	99.8
2.45	0.2	66	34	99.8
2.46	0.2	59.8	40.2	99.8
2.47	0.6	61	39	99.4
2.48	0.2	60.4	39.6	99.8
2.49	0.4	61.4	38.6	99.6
2.5	0	63.4	36.6	100
2.51	0	60.6	39.4	100
2.52	0	66.6	33.4	100
2.53	0.2	62.6	37.4	99.8
2.54	0.2	63	37	99.8
2.55	0.2	63	37	99.8
2.56	0.2	61.6	38.4	99.8
2.57	0	62.6	37.4	100
2.58	0	66.4	33.6	100
2.59	0.4	62.6	37.4	99.6
2.6	0	63.8	36.2	100
2.61	0.4	63.4	36.6	99.6
2.62	0.4	67.2	32.8	99.6
2.63	0.2	68.8	31.2	99.8
2.64	0.2	68.8	31.2	99.8
2.65	0.6	66.6	33.4	99.4
2.66	0	71.8	28.2	100
2.67	0.8	68.2	31.8	99.2
2.68	0	67.2	32.8	100
2.69	0.4	69.4	30.6	99.6
2.7	0.4	70.6	29.4	99.6
2.71	0.2	71.4	28.6	99.8
2.72	0.2	70.2	29.8	99.8
2.73	0.4	68.4	31.6	99.6
2.74	0.4	71.2	28.8	99.6
2.75	0	74	26	100
2.76	0.2	69.4	30.6	99.8
2.77	0	68.6	31.4	100
2.78	0	73.4	26.6	100
2.79	0.2	72.8	27.2	99.8
2.8	0.2	71	29	99.8
2.81	0.2	73.2	26.8	99.8
2.82	0.2	72.8	27.2	99.8
2.83	0.2	72.2	27.8	99.8
2.84	0	71.4	28.6	100
2.85	0.4	73.4	26.6	99.6
2.86	0	69.8	30.2	100
2.87	0	75.2	24.8	100
2.88	0	75	25	100
2.89	0.2	71.4	28.6	99.8
2.9	0.4	74.4	25.6	99.6
2.91	0.2	74.4	25.6	99.8
2.92	0	76.2	23.8	100
2.93	0.2	72.6	27.4	99.8
2.94	0	78.4	21.6	100
2.95	0	76	24	100
2.96	0.2	76.4	23.6	99.8
2.97	0.2	75.4	24.6	99.8
2.98	0	74.4	25.6	100
2.99	0.2	73.6	26.4	99.8
3	0.2	74.4	25.6	99.8
