t	FPR	FNR	TRP	TNR
1	0.6	0	100	99.4
1.01	100	98.4	1.6	0
1.02	3	0	100	97
1.03	1.6	0	100	98.4
1.04	2.8	0	100	97.2
1.05	3.6	0	100	96.4
1.06	3.4	0	100	96.6
1.07	3.8	0	100	96.2
1.08	3.2	0	100	96.8
1.09	100	97.4	2.6	0
1.1	100	98.2	1.8	0
1.11	3.4	0	100	96.6
1.12	2	0	100	98
1.13	100	96.4	3.6	0
1.14	100	97.6	2.4	0
1.15	100	95.8	4.2	0
1.16	100	95.2	4.8	0
1.17	100	97.8	2.2	0
1.18	100	95.2	4.8	0
1.19	100	98	2	0
1.2	1.2	0	100	98.8
1.21	1.8	0	100	98.2
1.22	2.4	0	100	97.6
1.23	100	98.6	1.4	0
1.24	2	0	100	98
1.25	2.8	0	100	97.2
1.26	2.4	0	100	97.6
1.27	100	98.2	1.8	0
1.28	100	97.2	2.8	0
1.29	1.6	0	100	98.4
1.3	100	98	2	0
1.31	3.8	0	100	96.2
1.32	1.8	0	100	98.2
1.33	3.2	0	100	96.8
1.34	3.6	0	100	96.4
1.35	100	97.8	2.2	0
1.36	100	96.2	3.8	0
1.37	100	97.6	2.4	0
1.38	3.4	0	100	96.6
1.39	100	96.8	3.2	0
1.4	3.4	0	100	96.6
1.41	3	0	100	97
1.42	100	97.6	2.4	0
1.43	2.2	0	100	97.8
1.44	100	98	2	0
1.45	100	95.8	4.2	0
1.46	2.6	0	100	97.4
1.47	100	97.2	2.8	0
1.48	1.2	0	100	98.8
1.49	2	0	100	98
1.5	100	98	2	0
1.51	4.2	0	100	95.8
1.52	3.4	0	100	96.6
1.53	2.4	0	100	97.6
1.54	3.2	0	100	96.8
1.55	3.6	0	100	96.4
1.56	2.2	0	100	97.8
1.57	100	97.8	2.2	0
1.58	2.4	0	100	97.6
1.59	3	0	100	97
1.6	1.6	0	100	98.4
1.61	1.6	0	100	98.4
1.62	100	97.8	2.2	0
1.63	3.4	0	100	96.6
1.64	3.8	0	100	96.2
1.65	100	98.4	1.6	0
1.66	100	96.4	3.6	0
1.67	100	96.8	3.2	0
1.68	100	97.4	2.6	0
1.69	2.2	0	100	97.8
1.7	100	97.6	2.4	0
1.71	1.8	0	100	98.2
1.72	100	98.6	1.4	0
1.73	100	98.4	1.6	0
1.74	100	97.8	2.2	0
1.75	3	0	100	97
1.76	100	98.2	1.8	0
1.77	100	97.6	2.4	0
1.78	3.4	0	100	96.6
1.79	2.2	0	100	97.8
1.8	100	97	3	0
1.81	100	96.6	3.4	0
1.82	99.8	97	3	0.2
1.83	3.6	0	100	96.4
1.84	2.6	0	100	97.4
1.85	2.2	0	100	97.8
1.86	100	97.6	2.4	0
1.87	2	0	100	98
1.88	2.6	0	100	97.4
1.89	3.4	0	100	96.6
1.9	100	97.2	2.8	0
1.91	100	97.4	2.6	0
1.92	100	97.4	2.6	0
1.93	100	97.4	2.6	0
1.94	100	97	3	0
1.95	100	96.6	3.4	0
1.96	99.8	98	2	0.2
1.97	2	0.2	99.8	98
1.98	100	96.6	3.4	0
1.99	2.4	0.2	99.8	97.6
2	1.6	0	100	98.4
2.01	99.8	98	2	0.2
2.02	2	0.2	99.8	98
2.03	100	97.8	2.2	0
2.04	99.8	98.6	1.4	0.2
2.05	1.6	0.2	99.8	98.4
2.06	2.8	0	100	97.2
2.07	2.4	0.4	99.6	97.6
2.08	99.8	97.4	2.6	0.2
2.09	2.2	0	100	97.8
2.1	2.6	0.2	99.8	97.4
2.11	99.6	97.8	2.2	0.4
2.12	99.6	98.2	1.8	0.4
2.13	0.2	0.4	99.6	99.8
2.14	3.2	0.4	99.6	96.8
2.15	100	98	2	0
2.16	99.6	96.4	3.6	0.4
2.17	2	0.6	99.4	98
2.18	2.8	0	100	97.2
2.19	99.2	97.4	2.6	0.8
2.2	2.6	0.2	99.8	97.4
2.21	4	1.2	98.8	96
2.22	3	0.8	99.2	97
2.23	1.8	0.4	99.6	98.2
2.24	99.2	98	2	0.8
2.25	98.6	97	3	1.4
2.26	2.6	0.6	99.4	97.4
2.27	2.2	0.8	99.2	97.8
2.28	2.2	0.8	99.2	97.8
2.29	2	0.8	99.2	98
2.3	99.2	97.2	2.8	0.8
2.31	1.4	1.2	98.8	98.6
2.32	98.8	97.2	2.8	1.2
2.33	1.8	0.6	99.4	98.2
2.34	98.4	98	2	1.6
2.35	3.6	1.8	98.2	96.4
2.36	99.2	97	3	0.8
2.37	98	96.8	3.2	2
2.38	1.6	1.4	98.6	98.4
2.39	2.4	1	99	97.6
2.4	97.8	97.6	2.4	2.2
2.41	2.6	1	99	97.4
2.42	2.2	2.8	97.2	97.8
2.43	99	97.6	2.4	1
2.44	2.2	1	99	97.8
2.45	2.6	1	99	97.4
2.46	99	97.4	2.6	1
2.47	98	97	3	2
2.48	98.2	98.8	1.2	1.8
2.49	98	97.8	2.2	2
2.5	2	3	97	98
2.51	96.8	97.6	2.4	3.2
2.52	1.6	2.6	97.4	98.4
2.53	95.6	96.8	3.2	4.4
2.54	97.2	97.2	2.8	2.8
2.55	94	97.4	2.6	6
2.56	96.8	97.6	2.4	3.2
2.57	2.2	3.2	96.8	97.8
2.58	1.4	3.2	96.8	98.6
2.59	98.2	97.8	2.2	1.8
2.6	3.2	2.4	97.6	96.8
2.61	4	2.6	97.4	96
2.62	3.2	2.8	97.2	96.8
2.63	97.2	96.6	3.4	2.8
2.64	95	98.6	1.4	5
2.65	95.8	95.4	4.6	4.2
2.66	1.4	5.6	94.4	98.6
2.67	95.8	98.4	1.6	4.2
2.68	2.2	3.8	96.2	97.8
2.69	2.2	2.8	97.2	97.8
2.7	1.6	7.2	92.8	98.4
2.71	2.6	4.6	95.4	97.4
2.72	1.2	4	96	98.8
2.73	94.2	97.4	2.6	5.8
2.74	94.2	98.8	1.2	5.8
2.75	94.6	98.6	1.4	5.4
2.76	2.8	5	95	97.2
2.77	93.2	97	3	6.8
2.78	97	97.8	2.2	3
2.79	3	8.8	91.2	97
2.8	1.4	6.8	93.2	98.6
2.81	94.8	97.6	2.4	5.2
2.82	93.8	96.8	3.2	6.2
2.83	2.2	7.6	92.4	97.8
2.84	95.2	98	2	4.8
2.85	92.2	98.4	1.6	7.8
2.86	94.6	97.8	2.2	5.4
2.87	92.8	97.2	2.8	7.2
2.88	3	8.2	91.8	97
2.89	1	7	93	99
2.9	93.8	97.8	2.2	6.2
2.91	88.6	98.2	1.8	11.4
2.92	2.4	7.8	92.2	97.6
2.93	1.6	9.6	90.4	98.4
2.94	93.4	96.2	3.8	6.6
2.95	2.4	7	93	97.6
2.96	88	97.2	2.8	12
2.97	93	98.2	1.8	7
2.98	3	8.4	91.6	97
2.99	2	15.4	84.6	98
3	92	96.6	3.4	8
