t	FPR	FNR	TRP	TNR
1	100	97.6	2.4	0
1.01	100	96.8	3.2	0
1.02	2.6	0	100	97.4
1.03	3.4	0	100	96.6
1.04	3.2	0	100	96.8
1.05	100	98.4	1.6	0
1.06	100	96.8	3.2	0
1.07	2.8	0	100	97.2
1.08	2.6	0	100	97.4
1.09	2.6	0	100	97.4
1.1	4.2	0	100	95.8
1.11	100	94.8	5.2	0
1.12	100	96	4	0
1.13	2.8	0	100	97.2
1.14	2.8	0	100	97.2
1.15	3	0	100	97
1.16	100	97	3	0
1.17	3.2	0	100	96.8
1.18	3.2	0	100	96.8
1.19	2.6	0	100	97.4
1.2	100	96.8	3.2	0
1.21	3.8	0	100	96.2
1.22	100	98	2	0
1.23	100	96.8	3.2	0
1.24	3.4	0	100	96.6
1.25	3	0	100	97
1.26	100	98.8	1.2	0
1.27	3.2	0	100	96.8
1.28	100	96.6	3.4	0
1.29	100	98	2	0
1.3	100	98.2	1.8	0
1.31	100	98.6	1.4	0
1.32	2.4	0	100	97.6
1.33	100	97.6	2.4	0
1.34	3.2	0	100	96.8
1.35	100	96.8	3.2	0
1.36	100	97.6	2.4	0
1.37	100	98.4	1.6	0
1.38	100	97.2	2.8	0
1.39	100	97.2	2.8	0
1.4	2.2	0	100	97.8
1.41	100	97.2	2.8	0
1.42	100	97.6	2.4	0
1.43	100	97.2	2.8	0
1.44	100	96.8	3.2	0
1.45	2.6	0	100	97.4
1.46	100	97.6	2.4	0
1.47	3.4	0	100	96.6
1.48	1.8	0	100	98.2
1.49	100	97.2	2.8	0
1.5	2.4	0	100	97.6
1.51	100	97.8	2.2	0
1.52	100	98.2	1.8	0
1.53	100	97.8	2.2	0
1.54	100	97.4	2.6	0
1.55	100	98.6	1.4	0
1.56	3.4	0	100	96.6
1.57	100	94.6	5.4	0
1.58	100	95.6	4.4	0
1.59	2.6	0	100	97.4
1.6	100	97.2	2.8	0
1.61	2.4	0	100	97.6
1.62	100	98.2	1.8	0
1.63	100	97.8	2.2	0
1.64	4	0	100	96
1.65	100	97.2	2.8	0
1.66	3.4	0	100	96.6
1.67	100	97.8	2.2	0
1.68	100	98	2	0
1.69	100	97.8	2.2	0
1.7	100	98.4	1.6	0
1.71	100	97.6	2.4	0
1.72	100	97.2	2.8	0
1.73	100	97.8	2.2	0
1.74	100	97	3	0
1.75	2.8	0	100	97.2
1.76	2.4	0	100	97.6
1.77	100	96.4	3.6	0
1.78	100	99.2	0.8	0
1.79	2.2	0	100	97.8
1.8	100	97.2	2.8	0
1.81	100	97.4	2.6	0
1.82	100	96.8	3.2	0
1.83	3.2	0	100	96.8
1.84	100	96.6	3.4	0
1.85	2.8	0	100	97.2
1.86	2.4	0	100	97.6
1.87	100	96	4	0
1.88	100	98.6	1.4	0
1.89	100	97.2	2.8	0
1.9	3.2	0	100	96.8
1.91	2	0	100	98
1.92	100	96.8	3.2	0
1.93	100	98.2	1.8	0
1.94	100	97.8	2.2	0
1.95	100	96.8	3.2	0
1.96	1.8	0	100	98.2
1.97	1.4	0	100	98.6
1.98	100	96	4	0
1.99	100	96.4	3.6	0
2	1.4	0	100	98.6
2.01	100	97	3	0
2.02	1.8	0	100	98.2
2.03	4	0	100	96
2.04	2.8	0	100	97.2
2.05	100	96.6	3.4	0
2.06	100	97.6	2.4	0
2.07	100	97.2	2.8	0
2.08	3.4	0	100	96.6
2.09	100	97.4	2.6	0
2.1	2.8	0	100	97.2
2.11	1.2	0	100	98.8
2.12	100	96.6	3.4	0
2.13	100	97	3	0
2.14	2.8	0	100	97.2
2.15	3.2	0	100	96.8
2.16	2.4	0	100	97.6
2.17	100	97.6	2.4	0
2.18	3	0	100	97
2.19	100	97.4	2.6	0
2.2	100	97	3	0
2.21	3.2	0	100	96.8
2.22	100	98	2	0
2.23	3	0	100	97
2.24	100	97.6	2.4	0
2.25	2.2	0	100	97.8
2.26	100	96.8	3.2	0
2.27	100	97.4	2.6	0
2.28	2.6	0	100	97.4
2.29	1	0	100	99
2.3	100	97.4	2.6	0
2.31	100	97.4	2.6	0
2.32	3.8	0	100	96.2
2.33	100	97.2	2.8	0
2.34	3.2	0	100	96.8
2.35	100	97.6	2.4	0
2.36	100	97.2	2.8	0
2.37	2.6	0	100	97.4
2.38	2	0	100	98
2.39	99.8	96.2	3.8	0.2
2.4	100	97.4	2.6	0
2.41	2	0	100	98
2.42	2.8	0	100	97.2
2.43	100	96.8	3.2	0
2.44	100	97.8	2.2	0
2.45	3	0	100	97
2.46	100	98.8	1.2	0
2.47	100	98.2	1.8	0
2.48	99.8	97.2	2.8	0.2
2.49	100	96	4	0
2.5	3	0	100	97
2.51	100	97.2	2.8	0
2.52	2.4	0	100	97.6
2.53	2.8	0.4	99.6	97.2
2.54	100	97.2	2.8	0
2.55	1.6	0	100	98.4
2.56	100	97.2	2.8	0
2.57	100	96.4	3.6	0
2.58	100	96.8	3.2	0
2.59	99.8	97.6	2.4	0.2
2.6	3.8	0	100	96.2
2.61	100	98	2	0
2.62	100	97	3	0
2.63	2.4	0.2	99.8	97.6
2.64	99.8	97.8	2.2	0.2
2.65	2.2	0.2	99.8	97.8
2.66	100	97.4	2.6	0
2.67	2.4	0.6	99.4	97.6
2.68	1.8	0	100	98.2
2.69	4.2	0	100	95.8
2.7	2.6	0.2	99.8	97.4
2.71	100	97	3	0
2.72	2.6	0.2	99.8	97.4
2.73	99.4	98.6	1.4	0.6
2.74	2.8	0.4	99.6	97.2
2.75	100	97.6	2.4	0
2.76	4	0.4	99.6	96
2.77	2.6	0.6	99.4	97.4
2.78	3.8	0	100	96.2
2.79	99.4	98.6	1.4	0.6
2.8	99.8	97.2	2.8	0.2
2.81	100	99	1	0
2.82	1.8	0.2	99.8	98.2
2.83	3.2	0.4	99.6	96.8
2.84	3.8	0.4	99.6	96.2
2.85	99.6	96.8	3.2	0.4
2.86	3.2	0.2	99.8	96.8
2.87	99.6	96	4	0.4
2.88	99	96.4	3.6	1
2.89	3.2	0.2	99.8	96.8
2.9	99.2	98.2	1.8	0.8
2.91	2.8	0.4	99.6	97.2
2.92	99.4	96.8	3.2	0.6
2.93	2.8	1.4	98.6	97.2
2.94	2.6	0.8	99.2	97.4
2.95	1.8	1.4	98.6	98.2
2.96	99.6	96.8	3.2	0.4
2.97	99	97	3	1
2.98	2	1.2	98.8	98
2.99	99.6	97.2	2.8	0.4
3	99.6	97.8	2.2	0.4
