t	FPR	FNR	TRP	TNR
0.01	0	100	0	100
0.02	0	100	0	100
0.03	0	100	0	100
0.04	0	100	0	100
0.05	0	100	0	100
0.06	0	100	0	100
0.07	0	100	0	100
0.08	0	100	0	100
0.09	0	100	0	100
0.1	0	100	0	100
0.11	0	100	0	100
0.12	0	100	0	100
0.13	0	100	0	100
0.14	0	100	0	100
0.15	0	100	0	100
0.16	0.2	99.6	0.4	99.8
0.17	0	100	0	100
0.18	0	100	0	100
0.19	0	100	0	100
0.2	0	100	0	100
0.21	0	100	0	100
0.22	0.2	100	0	99.8
0.23	0	100	0	100
0.24	0	100	0	100
0.25	0	99.6	0.4	100
0.26	0	100	0	100
0.27	0	100	0	100
0.28	0	100	0	100
0.29	0	100	0	100
0.3	0	100	0	100
0.31	0	100	0	100
0.32	0	100	0	100
0.33	0.6	99.8	0.2	99.4
0.34	0.4	100	0	99.6
0.35	0	100	0	100
0.36	0	100	0	100
0.37	0.4	99.4	0.6	99.6
0.38	0.2	100	0	99.8
0.39	0	99.6	0.4	100
0.4	0	100	0	100
0.41	2.4	100	0	97.6
0.42	0	99.4	0.6	100
0.43	0	99.8	0.2	100
0.44	0	100	0	100
0.45	0	100	0	100
0.46	0.4	99.8	0.2	99.6
0.47	13.6	99.8	0.2	86.4
0.48	0.4	100	0	99.6
0.49	3.6	99.6	0.4	96.4
0.5	4.4	99.8	0.2	95.6
0.51	1	100	0	99
0.52	19.8	99.8	0.2	80.2
0.53	16.2	99	1	83.8
0.54	0.8	72.2	27.8	99.2
0.55	4.6	98.6	1.4	95.4
0.56	11.8	98.8	1.2	88.2
0.57	4	98.2	1.8	96
0.58	10.4	98.6	1.4	89.6
0.59	1.4	59	41	98.6
0.6	44.2	98.6	1.4	55.8
0.61	2.8	32	68	97.2
0.62	53.2	99.4	0.6	46.8
0.63	58.8	98.6	1.4	41.2
0.64	56.2	98.6	1.4	43.8
0.65	3.4	35	65	96.6
0.66	62	98.6	1.4	38
0.67	2	31	69	98
0.68	66	98.4	1.6	34
0.69	1.4	34.2	65.8	98.6
0.7	3	24.2	75.8	97
0.71	3	17.4	82.6	97
0.72	68.6	97	3	31.4
0.73	84.4	97	3	15.6
0.74	81	99	1	19
0.75	76.6	98.2	1.8	23.4
0.76	75.4	99.2	0.8	24.6
0.77	77	97.6	2.4	23
0.78	83	97.6	2.4	17
0.79	85.4	97.8	2.2	14.6
0.8	88	97.6	2.4	12
0.81	88.6	97.8	2.2	11.4
0.82	88.2	98.2	1.8	11.8
0.83	3.8	5.2	94.8	96.2
0.84	84.6	96.6	3.4	15.4
0.85	3.6	8	92	96.4
0.86	2.2	4.6	95.4	97.8
0.87	94.2	98.2	1.8	5.8
0.88	2.4	12.2	87.8	97.6
0.89	1.4	8	92	98.6
0.9	2	6	94	98
0.91	2.4	4	96	97.6
0.92	95	98.2	1.8	5
0.93	2.6	3.4	96.6	97.4
0.94	3.2	4.8	95.2	96.8
0.95	96.2	97.2	2.8	3.8
0.96	97.4	97	3	2.6
0.97	97.8	96.8	3.2	2.2
0.98	98	97.4	2.6	2
0.99	1.6	1.6	98.4	98.4
1	98	98	2	2
1.01	98.6	97.4	2.6	1.4
1.02	2.2	1.2	98.8	97.8
1.03	97	97.2	2.8	3
1.04	2.4	1.8	98.2	97.6
1.05	99.4	96.8	3.2	0.6
1.06	1.8	1.6	98.4	98.2
1.07	2	0.8	99.2	98
1.08	99	97.4	2.6	1
1.09	99.4	98.8	1.2	0.6
1.1	99.2	96.2	3.8	0.8
1.11	1.6	1.4	98.6	98.4
1.12	99.6	97.4	2.6	0.4
1.13	99.2	97.4	2.6	0.8
1.14	98.8	97.6	2.4	1.2
1.15	99.6	97.6	2.4	0.4
1.16	99.2	96.8	3.2	0.8
1.17	99.4	97.8	2.2	0.6
1.18	1.6	0.6	99.4	98.4
1.19	2.8	0.2	99.8	97.2
1.2	2.2	0.2	99.8	97.8
1.21	100	98.4	1.6	0
1.22	3	0	100	97
1.23	99.8	97.2	2.8	0.2
1.24	2	0	100	98
1.25	2.4	0	100	97.6
1.26	100	98.6	1.4	0
1.27	99.8	97.4	2.6	0.2
1.28	100	97.6	2.4	0
1.29	99.8	99.4	0.6	0.2
1.3	3	0	100	97
1.31	3.4	0.2	99.8	96.6
1.32	100	98.6	1.4	0
1.33	1.8	0	100	98.2
1.34	2.4	0.2	99.8	97.6
1.35	2	0	100	98
1.36	3.4	0	100	96.6
1.37	100	97.4	2.6	0
1.38	100	96.8	3.2	0
1.39	1.6	0	100	98.4
1.4	100	96.6	3.4	0
1.41	2.6	0	100	97.4
1.42	100	96.6	3.4	0
1.43	2	0	100	98
1.44	1.8	0	100	98.2
1.45	1.6	0	100	98.4
1.46	4.4	0	100	95.6
1.47	100	96.6	3.4	0
1.48	1.6	0	100	98.4
1.49	3.6	0	100	96.4
1.5	2.2	0	100	97.8
1.51	100	97.2	2.8	0
1.52	100	97.8	2.2	0
1.53	100	96.8	3.2	0
1.54	100	97.8	2.2	0
1.55	3.6	0	100	96.4
1.56	100	96.8	3.2	0
1.57	100	98	2	0
1.58	100	98	2	0
1.59	100	97.8	2.2	0
1.6	1.6	0	100	98.4
1.61	100	98.8	1.2	0
1.62	2.2	0	100	97.8
1.63	2.6	0	100	97.4
1.64	100	97	3	0
1.65	2.2	0	100	97.8
1.66	2.4	0	100	97.6
1.67	100	96.6	3.4	0
1.68	100	98.2	1.8	0
1.69	100	96.6	3.4	0
1.7	2.6	0	100	97.4
1.71	1.6	0	100	98.4
1.72	100	97.2	2.8	0
1.73	100	97.4	2.6	0
1.74	100	95.4	4.6	0
1.75	2.8	0	100	97.2
1.76	100	98	2	0
1.77	100	96.6	3.4	0
1.78	3.4	0	100	96.6
1.79	2.8	0	100	97.2
1.8	2.4	0	100	97.6
1.81	100	97.6	2.4	0
1.82	3	0	100	97
1.83	100	98.4	1.6	0
1.84	100	98.6	1.4	0
1.85	100	96.6	3.4	0
1.86	3.8	0	100	96.2
1.87	100	97.2	2.8	0
1.88	3	0	100	97
1.89	100	96.6	3.4	0
1.9	100	97.2	2.8	0
1.91	2.6	0	100	97.4
1.92	100	97.2	2.8	0
1.93	100	98.2	1.8	0
1.94	2	0	100	98
1.95	3	0	100	97
1.96	1.8	0	100	98.2
1.97	2.6	0	100	97.4
1.98	100	97.4	2.6	0
1.99	3.2	0	100	96.8
2	1.8	0	100	98.2
2.01	100	97.6	2.4	0
2.02	2.2	0	100	97.8
2.03	3.2	0	100	96.8
2.04	100	98	2	0
2.05	100	96.8	3.2	0
2.06	100	97.4	2.6	0
2.07	100	96.8	3.2	0
2.08	100	98.8	1.2	0
2.09	100	97.6	2.4	0
2.1	100	96.2	3.8	0
2.11	100	97.2	2.8	0
2.12	3.4	0	100	96.6
2.13	2	0	100	98
2.14	2.2	0	100	97.8
2.15	100	98.2	1.8	0
2.16	100	97.6	2.4	0
2.17	100	98.4	1.6	0
2.18	100	98	2	0
2.19	100	97.2	2.8	0
2.2	2.2	0	100	97.8
2.21	100	97.6	2.4	0
2.22	2	0	100	98
2.23	4	0	100	96
2.24	100	98.2	1.8	0
2.25	100	97.6	2.4	0
2.26	100	98.6	1.4	0
2.27	1.4	0	100	98.6
2.28	2.2	0	100	97.8
2.29	100	97.2	2.8	0
2.3	100	97.2	2.8	0
2.31	3.8	0	100	96.2
2.32	100	97.4	2.6	0
2.33	100	97.2	2.8	0
2.34	3.2	0	100	96.8
2.35	100	97.6	2.4	0
2.36	100	96.6	3.4	0
2.37	3	0	100	97
2.38	3.8	0	100	96.2
2.39	100	96.8	3.2	0
2.4	100	96	4	0
2.41	2.8	0	100	97.2
2.42	3	0	100	97
2.43	3.2	0	100	96.8
2.44	100	97.8	2.2	0
2.45	2.4	0	100	97.6
2.46	2.4	0	100	97.6
2.47	100	95.4	4.6	0
2.48	2.6	0	100	97.4
2.49	1.6	0	100	98.4
2.5	100	96.8	3.2	0
2.51	100	98	2	0
2.52	2.8	0	100	97.2
2.53	2.6	0	100	97.4
2.54	100	97.6	2.4	0
2.55	1.6	0	100	98.4
2.56	100	97	3	0
2.57	100	97	3	0
2.58	100	96.4	3.6	0
2.59	2.6	0	100	97.4
2.6	100	96.8	3.2	0
2.61	1.8	0	100	98.2
2.62	2	0	100	98
2.63	100	97.8	2.2	0
2.64	0.8	0	100	99.2
2.65	100	96.8	3.2	0
2.66	3	0	100	97
2.67	3.6	0	100	96.4
2.68	100	97.8	2.2	0
2.69	100	98.2	1.8	0
2.7	3.8	0	100	96.2
2.71	100	97.4	2.6	0
2.72	2.4	0	100	97.6
2.73	1.6	0	100	98.4
2.74	100	97.6	2.4	0
2.75	3.4	0	100	96.6
2.76	100	97.8	2.2	0
2.77	100	98	2	0
2.78	100	96.2	3.8	0
2.79	100	97.6	2.4	0
2.8	100	99.2	0.8	0
2.81	100	97.8	2.2	0
2.82	100	97.8	2.2	0
2.83	3	0	100	97
2.84	100	97.4	2.6	0
2.85	2.4	0	100	97.6
2.86	3.4	0	100	96.6
2.87	1.8	0	100	98.2
2.88	100	97.6	2.4	0
2.89	100	97.4	2.6	0
2.9	2	0	100	98
2.91	4	0	100	96
2.92	100	98	2	0
2.93	100	95.4	4.6	0
2.94	2.6	0	100	97.4
2.95	100	98.6	1.4	0
2.96	100	97	3	0
2.97	100	99.2	0.8	0
2.98	2.4	0	100	97.6
2.99	2	0	100	98
3	1.8	0	100	98.2
