t	FPR	FNR	TRP	TNR
1	0.6	98.6	1.4	99.4
1.01	1.4	99.4	0.6	98.6
1.02	0.4	98.4	1.6	99.6
1.03	0.8	98.8	1.2	99.2
1.04	1.4	99.4	0.6	98.6
1.05	0.4	98.4	1.6	99.6
1.06	0.8	98.8	1.2	99.2
1.07	0.8	98.8	1.2	99.2
1.08	0.2	98.2	1.8	99.8
1.09	0	98	2	100
1.1	0.4	98.4	1.6	99.6
1.11	0.8	98.8	1.2	99.2
1.12	0.8	98.8	1.2	99.2
1.13	1	99	1	99
1.14	0.8	98.8	1.2	99.2
1.15	0.6	98.6	1.4	99.4
1.16	0.4	98.4	1.6	99.6
1.17	0.6	98.6	1.4	99.4
1.18	0.6	98.6	1.4	99.4
1.19	1.2	99.2	0.8	98.8
1.2	0.8	98.8	1.2	99.2
1.21	0.8	98.8	1.2	99.2
1.22	0.8	98.8	1.2	99.2
1.23	0.8	98.8	1.2	99.2
1.24	0.6	98.6	1.4	99.4
1.25	1.2	99.2	0.8	98.8
1.26	1.6	99.6	0.4	98.4
1.27	0.6	98.6	1.4	99.4
1.28	0.6	98.6	1.4	99.4
1.29	1.2	99.2	0.8	98.8
1.3	1	99	1	99
1.31	1.4	99.4	0.6	98.6
1.32	0.6	98.6	1.4	99.4
1.33	0.8	98.8	1.2	99.2
1.34	1.4	99.4	0.6	98.6
1.35	0.8	98.8	1.2	99.2
1.36	1.4	99.4	0.6	98.6
1.37	0.8	98.8	1.2	99.2
1.38	1.2	99.2	0.8	98.8
1.39	1	99	1	99
1.4	0.6	98.6	1.4	99.4
1.41	1	99	1	99
1.42	1.2	99.2	0.8	98.8
1.43	1.2	99.2	0.8	98.8
1.44	0.4	98.4	1.6	99.6
1.45	1.2	99.2	0.8	98.8
1.46	0.8	98.8	1.2	99.2
1.47	0.8	98.8	1.2	99.2
1.48	1	99	1	99
1.49	1	99	1	99
1.5	1	99	1	99
1.51	1.2	99.2	0.8	98.8
1.52	0.8	98.8	1.2	99.2
1.53	1	99	1	99
1.54	1	99	1	99
1.55	1	99	1	99
1.56	1	99	1	99
1.57	1.4	99.4	0.6	98.6
1.58	0.2	98.2	1.8	99.8
1.59	0.4	98.4	1.6	99.6
1.6	0.8	98.8	1.2	99.2
1.61	1.4	99.4	0.6	98.6
1.62	0.4	98.4	1.6	99.6
1.63	0.6	98.6	1.4	99.4
1.64	1.2	99.2	0.8	98.8
1.65	0.4	98.4	1.6	99.6
1.66	0.6	98.6	1.4	99.4
1.67	1.4	99.4	0.6	98.6
1.68	0.4	98.4	1.6	99.6
1.69	0.6	98.6	1.4	99.4
1.7	1.4	99.4	0.6	98.6
1.71	0.6	98.6	1.4	99.4
1.72	1	99	1	99
1.73	1	99	1	99
1.74	0.6	98.6	1.4	99.4
1.75	1.2	99.2	0.8	98.8
1.76	1	99	1	99
1.77	1.4	99.4	0.6	98.6
1.78	0.6	98.6	1.4	99.4
1.79	0.6	98.6	1.4	99.4
1.8	1	99	1	99
1.81	0.4	98.4	1.6	99.6
1.82	0.8	98.8	1.2	99.2
1.83	0.6	98.6	1.4	99.4
1.84	0.4	98.4	1.6	99.6
1.85	0.8	98.8	1.2	99.2
1.86	0.6	98.6	1.4	99.4
1.87	1.4	99.4	0.6	98.6
1.88	1.2	99.2	0.8	98.8
1.89	0.8	98.8	1.2	99.2
1.9	1	99	1	99
1.91	0.6	98.6	1.4	99.4
1.92	1.2	99.2	0.8	98.8
1.93	1.2	99.2	0.8	98.8
1.94	0.6	98.6	1.4	99.4
1.95	1.2	99.2	0.8	98.8
1.96	1	99	1	99
1.97	1.2	99.2	0.8	98.8
1.98	1.2	99.2	0.8	98.8
1.99	0.4	98.4	1.6	99.6
2	1	99	1	99
2.01	0.2	98.2	1.8	99.8
2.02	1	99	1	99
2.03	1	99	1	99
2.04	0.8	98.8	1.2	99.2
2.05	0.6	98.6	1.4	99.4
2.06	1.6	99.6	0.4	98.4
2.07	0.2	98.2	1.8	99.8
2.08	0.8	98.8	1.2	99.2
2.09	1.2	99.2	0.8	98.8
2.1	0.4	98.4	1.6	99.6
2.11	0.8	98.8	1.2	99.2
2.12	1	99	1	99
2.13	0.8	98.8	1.2	99.2
2.14	0.6	98.6	1.4	99.4
2.15	1	99	1	99
2.16	0.4	98.4	1.6	99.6
2.17	1	99	1	99
2.18	1.2	99.2	0.8	98.8
2.19	1.4	99.4	0.6	98.6
2.2	0.4	98.4	1.6	99.6
2.21	0.4	98.4	1.6	99.6
2.22	1.2	99.2	0.8	98.8
2.23	0.8	98.8	1.2	99.2
2.24	1.2	99.2	0.8	98.8
2.25	0.8	98.8	1.2	99.2
2.26	1.2	99.2	0.8	98.8
2.27	1.2	99.2	0.8	98.8
2.28	1	99	1	99
2.29	0.8	98.8	1.2	99.2
2.3	0.8	98.8	1.2	99.2
2.31	0.4	98.4	1.6	99.6
2.32	0.4	98.4	1.6	99.6
2.33	0.6	98.6	1.4	99.4
2.34	0.6	98.6	1.4	99.4
2.35	1	99	1	99
2.36	1	99	1	99
2.37	1	99	1	99
2.38	0.8	98.8	1.2	99.2
2.39	0.8	98.8	1.2	99.2
2.4	0.6	98.6	1.4	99.4
2.41	0.2	98.2	1.8	99.8
2.42	0.2	98.2	1.8	99.8
2.43	0.6	98.6	1.4	99.4
2.44	0.4	98.4	1.6	99.6
2.45	0.8	98.8	1.2	99.2
2.46	1.2	99.2	0.8	98.8
2.47	1.4	99.4	0.6	98.6
2.48	0.8	98.8	1.2	99.2
2.49	1	99	1	99
2.5	1.2	99.2	0.8	98.8
2.51	1	99	1	99
2.52	0.8	98.8	1.2	99.2
2.53	0.6	98.6	1.4	99.4
2.54	1	99	1	99
2.55	1	99	1	99
2.56	0.4	98.4	1.6	99.6
2.57	1.2	99.2	0.8	98.8
2.58	0.6	98.6	1.4	99.4
2.59	0.4	98.4	1.6	99.6
2.6	0.6	98.6	1.4	99.4
2.61	0.6	98.6	1.4	99.4
2.62	1.4	99.4	0.6	98.6
2.63	0.4	98.4	1.6	99.6
2.64	0.6	98.6	1.4	99.4
2.65	0.8	98.8	1.2	99.2
2.66	0.8	98.8	1.2	99.2
2.67	0.8	98.8	1.2	99.2
2.68	0.8	98.8	1.2	99.2
2.69	0.4	98.4	1.6	99.6
2.7	0.6	98.6	1.4	99.4
2.71	0.6	98.6	1.4	99.4
2.72	1.4	99.4	0.6	98.6
2.73	0.8	98.8	1.2	99.2
2.74	1	99	1	99
2.75	1	99	1	99
2.76	1	99	1	99
2.77	0.8	98.8	1.2	99.2
2.78	0.6	98.6	1.4	99.4
2.79	1	99	1	99
2.8	1	99	1	99
2.81	1	99	1	99
2.82	0.6	98.6	1.4	99.4
2.83	0.6	98.6	1.4	99.4
2.84	1	99	1	99
2.85	0.8	98.8	1.2	99.2
2.86	1	99	1	99
2.87	0.4	98.4	1.6	99.6
2.88	1	99	1	99
2.89	0.8	98.8	1.2	99.2
2.9	0.8	98.8	1.2	99.2
2.91	1.2	99.2	0.8	98.8
2.92	0.6	98.6	1.4	99.4
2.93	0.6	98.6	1.4	99.4
2.94	0.6	98.6	1.4	99.4
2.95	0.4	98.4	1.6	99.6
2.96	0.8	98.8	1.2	99.2
2.97	1	99	1	99
2.98	0.6	98.6	1.4	99.4
2.99	1.2	99.2	0.8	98.8
3	1.2	99.2	0.8	98.8
