t	FPR	FNR	TRP	TNR
1	0.4	98.4	1.6	99.6
1.01	0.8	98.8	1.2	99.2
1.02	0.2	98.2	1.8	99.8
1.03	1	99	1	99
1.04	0.6	98.6	1.4	99.4
1.05	0.4	98.4	1.6	99.6
1.06	0.4	98.4	1.6	99.6
1.07	1	99	1	99
1.08	0.4	98.4	1.6	99.6
1.09	1	99	1	99
1.1	0.6	98.6	1.4	99.4
1.11	0.6	98.6	1.4	99.4
1.12	0.2	98.2	1.8	99.8
1.13	0.6	98.6	1.4	99.4
1.14	0.6	98.6	1.4	99.4
1.15	0.6	98.6	1.4	99.4
1.16	1	99	1	99
1.17	0.8	98.8	1.2	99.2
1.18	1.2	99.2	0.8	98.8
1.19	0.6	98.6	1.4	99.4
1.2	0.6	98.6	1.4	99.4
1.21	1	99	1	99
1.22	0.8	98.8	1.2	99.2
1.23	1	99	1	99
1.24	0.6	98.6	1.4	99.4
1.25	0.6	98.6	1.4	99.4
1.26	0.2	98.2	1.8	99.8
1.27	1.4	99.4	0.6	98.6
1.28	0.4	98.4	1.6	99.6
1.29	0.8	98.8	1.2	99.2
1.3	0.4	98.4	1.6	99.6
1.31	0.4	98.4	1.6	99.6
1.32	1	99	1	99
1.33	0.8	98.8	1.2	99.2
1.34	0.8	98.8	1.2	99.2
1.35	0.8	98.8	1.2	99.2
1.36	0.6	98.6	1.4	99.4
1.37	0.4	98.4	1.6	99.6
1.38	1	99	1	99
1.39	0.4	98.4	1.6	99.6
1.4	1	99	1	99
1.41	1.4	99.4	0.6	98.6
1.42	1.2	99.2	0.8	98.8
1.43	1	99	1	99
1.44	1	99	1	99
1.45	1.2	99.2	0.8	98.8
1.46	0.6	98.6	1.4	99.4
1.47	0.8	98.8	1.2	99.2
1.48	0.8	98.8	1.2	99.2
1.49	1.4	99.4	0.6	98.6
1.5	1	99	1	99
1.51	0.8	98.8	1.2	99.2
1.52	1.4	99.4	0.6	98.6
1.53	0.6	98.6	1.4	99.4
1.54	0.6	98.6	1.4	99.4
1.55	0.8	98.8	1.2	99.2
1.56	0.6	98.6	1.4	99.4
1.57	1	99	1	99
1.58	1.2	99.2	0.8	98.8
1.59	0.8	98.8	1.2	99.2
1.6	1	99	1	99
1.61	1	99	1	99
1.62	1.2	99.2	0.8	98.8
1.63	1	99	1	99
1.64	1.2	99.2	0.8	98.8
1.65	1.2	99.2	0.8	98.8
1.66	1.2	99.2	0.8	98.8
1.67	1.2	99.2	0.8	98.8
1.68	1.4	99.4	0.6	98.6
1.69	1.2	99.2	0.8	98.8
1.7	1.4	99.4	0.6	98.6
1.71	1	99	1	99
1.72	0.8	98.8	1.2	99.2
1.73	0.6	98.6	1.4	99.4
1.74	0	98	2	100
1.75	1.2	99.2	0.8	98.8
1.76	0.4	98.4	1.6	99.6
1.77	0.8	98.8	1.2	99.2
1.78	0.8	98.8	1.2	99.2
1.79	1.2	99.2	0.8	98.8
1.8	0.6	98.6	1.4	99.4
1.81	1	99	1	99
1.82	0.8	98.8	1.2	99.2
1.83	1.2	99.2	0.8	98.8
1.84	1	99	1	99
1.85	1	99	1	99
1.86	0.4	98.4	1.6	99.6
1.87	0.4	98.4	1.6	99.6
1.88	1.2	99.2	0.8	98.8
1.89	1.2	99.2	0.8	98.8
1.9	1	99	1	99
1.91	1.2	99.2	0.8	98.8
1.92	0.6	98.6	1.4	99.4
1.93	1	99	1	99
1.94	1.6	99.6	0.4	98.4
1.95	1	99	1	99
1.96	1.4	99.4	0.6	98.6
1.97	0.6	98.6	1.4	99.4
1.98	1.4	99.4	0.6	98.6
1.99	1.2	99.2	0.8	98.8
2	1	99	1	99
2.01	1	99	1	99
2.02	1.2	99.2	0.8	98.8
2.03	0.6	98.6	1.4	99.4
2.04	0.8	98.8	1.2	99.2
2.05	0.6	98.6	1.4	99.4
2.06	1	99	1	99
2.07	1	99	1	99
2.08	1.2	99.2	0.8	98.8
2.09	0.8	98.8	1.2	99.2
2.1	0.8	98.8	1.2	99.2
2.11	0.8	98.8	1.2	99.2
2.12	1	99	1	99
2.13	1.4	99.4	0.6	98.6
2.14	1.2	99.2	0.8	98.8
2.15	1.4	99.4	0.6	98.6
2.16	1.6	99.6	0.4	98.4
2.17	1.2	99.2	0.8	98.8
2.18	0.8	98.8	1.2	99.2
2.19	0.8	98.8	1.2	99.2
2.2	1.2	99.2	0.8	98.8
2.21	1	99	1	99
2.22	1.2	99.2	0.8	98.8
2.23	0.4	98.4	1.6	99.6
2.24	0.8	98.8	1.2	99.2
2.25	1	99	1	99
2.26	1.2	99.2	0.8	98.8
2.27	0.6	98.6	1.4	99.4
2.28	0.8	98.8	1.2	99.2
2.29	1	99	1	99
2.3	1	99	1	99
2.31	0.8	98.8	1.2	99.2
2.32	1	99	1	99
2.33	0.6	98.6	1.4	99.4
2.34	0.6	98.6	1.4	99.4
2.35	0.6	98.6	1.4	99.4
2.36	0.8	98.8	1.2	99.2
2.37	1.6	99.6	0.4	98.4
2.38	0.8	98.8	1.2	99.2
2.39	1.2	99.2	0.8	98.8
2.4	0.8	98.8	1.2	99.2
2.41	0.6	98.6	1.4	99.4
2.42	0.8	98.8	1.2	99.2
2.43	0.6	98.6	1.4	99.4
2.44	1.2	99.2	0.8	98.8
2.45	1.6	99.6	0.4	98.4
2.46	1.4	99.4	0.6	98.6
2.47	0.8	98.8	1.2	99.2
2.48	0.8	98.8	1.2	99.2
2.49	0.8	98.8	1.2	99.2
2.5	1.4	99.4	0.6	98.6
2.51	1	99	1	99
2.52	1.2	99.2	0.8	98.8
2.53	0.6	98.6	1.4	99.4
2.54	1.4	99.4	0.6	98.6
2.55	1.2	99.2	0.8	98.8
2.56	0.8	98.8	1.2	99.2
2.57	1	99	1	99
2.58	0.6	98.6	1.4	99.4
2.59	1.6	99.6	0.4	98.4
2.6	1.4	99.4	0.6	98.6
2.61	1.4	99.4	0.6	98.6
2.62	1	99	1	99
2.63	1	99	1	99
2.64	1.4	99.4	0.6	98.6
2.65	0.8	98.8	1.2	99.2
2.66	0.6	98.6	1.4	99.4
2.67	1	99	1	99
2.68	1	99	1	99
2.69	0.8	98.8	1.2	99.2
2.7	0.6	98.6	1.4	99.4
2.71	1.8	99.8	0.2	98.2
2.72	0.4	98.4	1.6	99.6
2.73	1.4	99.4	0.6	98.6
2.74	1.4	99.4	0.6	98.6
2.75	0.6	98.6	1.4	99.4
2.76	1	99	1	99
2.77	0.4	98.4	1.6	99.6
2.78	1	99	1	99
2.79	0.4	98.4	1.6	99.6
2.8	0.6	98.6	1.4	99.4
2.81	1	99	1	99
2.82	1.2	99.2	0.8	98.8
2.83	1.4	99.4	0.6	98.6
2.84	1	99	1	99
2.85	1.4	99.4	0.6	98.6
2.86	1.4	99.4	0.6	98.6
2.87	0.8	98.8	1.2	99.2
2.88	1.2	99.2	0.8	98.8
2.89	1	99	1	99
2.9	1.2	99.2	0.8	98.8
2.91	0.6	98.6	1.4	99.4
2.92	1	99	1	99
2.93	1	99	1	99
2.94	0.8	98.8	1.2	99.2
2.95	0.6	98.6	1.4	99.4
2.96	0.6	98.6	1.4	99.4
2.97	0.8	98.8	1.2	99.2
2.98	1.2	99.2	0.8	98.8
2.99	1	99	1	99
3	1.4	99.4	0.6	98.6
