t	FPR	FNR	TRP	TNR
1	1	99	1	99
1.01	0.8	98.8	1.2	99.2
1.02	0.4	98.4	1.6	99.6
1.03	0.4	98.4	1.6	99.6
1.04	0.6	98.6	1.4	99.4
1.05	0.8	98.8	1.2	99.2
1.06	1	99	1	99
1.07	0.4	98.4	1.6	99.6
1.08	0.6	98.6	1.4	99.4
1.09	1	99	1	99
1.1	0.8	98.8	1.2	99.2
1.11	0.2	98.2	1.8	99.8
1.12	1	99	1	99
1.13	0.8	98.8	1.2	99.2
1.14	0.8	98.8	1.2	99.2
1.15	1	99	1	99
1.16	0.8	98.8	1.2	99.2
1.17	0.4	98.4	1.6	99.6
1.18	0.4	98.4	1.6	99.6
1.19	1	99	1	99
1.2	1.2	99.2	0.8	98.8
1.21	0.8	98.8	1.2	99.2
1.22	1	99	1	99
1.23	1	99	1	99
1.24	0.6	98.6	1.4	99.4
1.25	0.8	98.8	1.2	99.2
1.26	0.8	98.8	1.2	99.2
1.27	0.8	98.8	1.2	99.2
1.28	0.8	98.8	1.2	99.2
1.29	0.4	98.4	1.6	99.6
1.3	0.8	98.8	1.2	99.2
1.31	0.8	98.8	1.2	99.2
1.32	0.4	98.4	1.6	99.6
1.33	1.4	99.4	0.6	98.6
1.34	0.6	98.6	1.4	99.4
1.35	0.8	98.8	1.2	99.2
1.36	1	99	1	99
1.37	0.4	98.4	1.6	99.6
1.38	1	99	1	99
1.39	0.2	98.2	1.8	99.8
1.4	0.8	98.8	1.2	99.2
1.41	0.4	98.4	1.6	99.6
1.42	0.6	98.6	1.4	99.4
1.43	1.2	99.2	0.8	98.8
1.44	0.6	98.6	1.4	99.4
1.45	0.2	98.2	1.8	99.8
1.46	0.6	98.6	1.4	99.4
1.47	0.4	98.4	1.6	99.6
1.48	0.6	98.6	1.4	99.4
1.49	0.8	98.8	1.2	99.2
1.5	0.6	98.6	1.4	99.4
1.51	0.8	98.8	1.2	99.2
1.52	0.6	98.6	1.4	99.4
1.53	1	99	1	99
1.54	1.2	99.2	0.8	98.8
1.55	0.4	98.4	1.6	99.6
1.56	0.2	98.2	1.8	99.8
1.57	0.4	98.4	1.6	99.6
1.58	0.6	98.6	1.4	99.4
1.59	0.6	98.6	1.4	99.4
1.6	1.4	99.4	0.6	98.6
1.61	0.8	98.8	1.2	99.2
1.62	0.4	98.4	1.6	99.6
1.63	1.2	99.2	0.8	98.8
1.64	0.8	98.8	1.2	99.2
1.65	0.6	98.6	1.4	99.4
1.66	0.6	98.6	1.4	99.4
1.67	1.2	99.2	0.8	98.8
1.68	0.8	98.8	1.2	99.2
1.69	0.8	98.8	1.2	99.2
1.7	1.4	99.4	0.6	98.6
1.71	0.6	98.6	1.4	99.4
1.72	0.8	98.8	1.2	99.2
1.73	0.2	98.2	1.8	99.8
1.74	0.4	98.4	1.6	99.6
1.75	1	99	1	99
1.76	0.4	98.4	1.6	99.6
1.77	1.2	99.2	0.8	98.8
1.78	0.4	98.4	1.6	99.6
1.79	0.8	98.8	1.2	99.2
1.8	1.2	99.2	0.8	98.8
1.81	0.6	98.6	1.4	99.4
1.82	0.8	98.8	1.2	99.2
1.83	0.8	98.8	1.2	99.2
1.84	0.6	98.6	1.4	99.4
1.85	0.8	98.8	1.2	99.2
1.86	1.2	99.2	0.8	98.8
1.87	0.8	98.8	1.2	99.2
1.88	0.8	98.8	1.2	99.2
1.89	0.6	98.6	1.4	99.4
1.9	1	99	1	99
1.91	0.8	98.8	1.2	99.2
1.92	0.8	98.8	1.2	99.2
1.93	0.4	98.4	1.6	99.6
1.94	0.2	98.2	1.8	99.8
1.95	1.2	99.2	0.8	98.8
1.96	0.6	98.6	1.4	99.4
1.97	1	99	1	99
1.98	1	99	1	99
1.99	1	99	1	99
2	0.4	98.4	1.6	99.6
2.01	0.2	98.2	1.8	99.8
2.02	0.8	98.8	1.2	99.2
2.03	1.2	99.2	0.8	98.8
2.04	1	99	1	99
2.05	0.2	98.2	1.8	99.8
2.06	0.4	98.4	1.6	99.6
2.07	0.8	98.8	1.2	99.2
2.08	0.4	98.4	1.6	99.6
2.09	0.6	98.6	1.4	99.4
2.1	1	99	1	99
2.11	0.8	98.8	1.2	99.2
2.12	0.4	98.4	1.6	99.6
2.13	1	99	1	99
2.14	0.4	98.4	1.6	99.6
2.15	1	99	1	99
2.16	1	99	1	99
2.17	0.6	98.6	1.4	99.4
2.18	0.4	98.4	1.6	99.6
2.19	0.4	98.4	1.6	99.6
2.2	0.4	98.4	1.6	99.6
2.21	0.4	98.4	1.6	99.6
2.22	1	99	1	99
2.23	0.4	98.4	1.6	99.6
2.24	0.4	98.4	1.6	99.6
2.25	0.6	98.6	1.4	99.4
2.26	0.8	98.8	1.2	99.2
2.27	0.8	98.8	1.2	99.2
2.28	0.6	98.6	1.4	99.4
2.29	1.2	99.2	0.8	98.8
2.3	1.4	99.4	0.6	98.6
2.31	1.2	99.2	0.8	98.8
2.32	0.8	98.8	1.2	99.2
2.33	1.2	99.2	0.8	98.8
2.34	0.6	98.6	1.4	99.4
2.35	1.2	99.2	0.8	98.8
2.36	0.6	98.6	1.4	99.4
2.37	0.6	98.6	1.4	99.4
2.38	0.6	98.6	1.4	99.4
2.39	1	99	1	99
2.4	0.4	98.4	1.6	99.6
2.41	0.8	98.8	1.2	99.2
2.42	0.8	98.8	1.2	99.2
2.43	0.6	98.6	1.4	99.4
2.44	0.4	98.4	1.6	99.6
2.45	1.4	99.4	0.6	98.6
2.46	0.8	98.8	1.2	99.2
2.47	0.8	98.8	1.2	99.2
2.48	0.6	98.6	1.4	99.4
2.49	0.6	98.6	1.4	99.4
2.5	0.8	98.8	1.2	99.2
2.51	1	99	1	99
2.52	0.4	98.4	1.6	99.6
2.53	0.4	98.4	1.6	99.6
2.54	1	99	1	99
2.55	0.6	98.6	1.4	99.4
2.56	0.8	98.8	1.2	99.2
2.57	0.6	98.6	1.4	99.4
2.58	1.4	99.4	0.6	98.6
2.59	0.2	98.2	1.8	99.8
2.6	0.8	98.8	1.2	99.2
2.61	1.2	99.2	0.8	98.8
2.62	0.8	98.8	1.2	99.2
2.63	0.8	98.8	1.2	99.2
2.64	0.8	98.8	1.2	99.2
2.65	1.2	99.2	0.8	98.8
2.66	0.6	98.6	1.4	99.4
2.67	1.2	99.2	0.8	98.8
2.68	1	99	1	99
2.69	0.4	98.4	1.6	99.6
2.7	0.8	98.8	1.2	99.2
2.71	1	99	1	99
2.72	1	99	1	99
2.73	1	99	1	99
2.74	0.4	98.4	1.6	99.6
2.75	0.2	98.2	1.8	99.8
2.76	0.8	98.8	1.2	99.2
2.77	0.6	98.6	1.4	99.4
2.78	0.8	98.8	1.2	99.2
2.79	0.8	98.8	1.2	99.2
2.8	0.4	98.4	1.6	99.6
2.81	1.2	99.2	0.8	98.8
2.82	0.8	98.8	1.2	99.2
2.83	0.4	98.4	1.6	99.6
2.84	0.4	98.4	1.6	99.6
2.85	1.4	99.4	0.6	98.6
2.86	1	99	1	99
2.87	0.6	98.6	1.4	99.4
2.88	0.6	98.6	1.4	99.4
2.89	0.8	98.8	1.2	99.2
2.9	1	99	1	99
2.91	0.2	98.2	1.8	99.8
2.92	0.8	98.8	1.2	99.2
2.93	0.8	98.8	1.2	99.2
2.94	0.6	98.6	1.4	99.4
2.95	1.4	99.4	0.6	98.6
2.96	0.4	98.4	1.6	99.6
2.97	1	99	1	99
2.98	0.4	98.4	1.6	99.6
2.99	0.6	98.6	1.4	99.4
3	0.6	98.6	1.4	99.4
