t	FPR	FNR	TRP	TNR
1	0.2	98.2	1.8	99.8
1.01	0.6	98.6	1.4	99.4
1.02	0.2	98.2	1.8	99.8
1.03	0.6	98.6	1.4	99.4
1.04	0	98	2	100
1.05	0.6	98.6	1.4	99.4
1.06	0.4	98.4	1.6	99.6
1.07	0.6	98.6	1.4	99.4
1.08	0.2	98.2	1.8	99.8
1.09	0.4	98.4	1.6	99.6
1.1	0.2	98.2	1.8	99.8
1.11	0.2	98.2	1.8	99.8
1.12	0.2	98.2	1.8	99.8
1.13	0.6	98.6	1.4	99.4
1.14	0.8	98.8	1.2	99.2
1.15	0.8	98.8	1.2	99.2
1.16	0.6	98.6	1.4	99.4
1.17	0.6	98.6	1.4	99.4
1.18	0.2	98.2	1.8	99.8
1.19	0.8	98.8	1.2	99.2
1.2	0.2	98.2	1.8	99.8
1.21	0.6	98.6	1.4	99.4
1.22	0.6	98.6	1.4	99.4
1.23	0.6	98.6	1.4	99.4
1.24	0.8	98.8	1.2	99.2
1.25	0.6	98.6	1.4	99.4
1.26	0.4	98.4	1.6	99.6
1.27	1.2	99.2	0.8	98.8
1.28	0.2	98.2	1.8	99.8
1.29	1	99	1	99
1.3	0.6	98.6	1.4	99.4
1.31	0.6	98.6	1.4	99.4
1.32	1	99	1	99
1.33	1	99	1	99
1.34	0.6	98.6	1.4	99.4
1.35	0.2	98.2	1.8	99.8
1.36	1.6	99.6	0.4	98.4
1.37	0.6	98.6	1.4	99.4
1.38	0.6	98.6	1.4	99.4
1.39	0.8	98.8	1.2	99.2
1.4	0.6	98.6	1.4	99.4
1.41	1	99	1	99
1.42	0	98	2	100
1.43	0.6	98.6	1.4	99.4
1.44	1.4	99.4	0.6	98.6
1.45	1	99	1	99
1.46	0.6	98.6	1.4	99.4
1.47	0.4	98.4	1.6	99.6
1.48	0.8	98.8	1.2	99.2
1.49	0.8	98.8	1.2	99.2
1.5	0.2	98.2	1.8	99.8
1.51	1.2	99.2	0.8	98.8
1.52	1.2	99.2	0.8	98.8
1.53	0.8	98.8	1.2	99.2
1.54	0.2	98.2	1.8	99.8
1.55	0.2	98.2	1.8	99.8
1.56	0.8	98.8	1.2	99.2
1.57	0.4	98.4	1.6	99.6
1.58	1.8	99.8	0.2	98.2
1.59	0.8	98.8	1.2	99.2
1.6	0.6	98.6	1.4	99.4
1.61	0.8	98.8	1.2	99.2
1.62	1	99	1	99
1.63	1.2	99.2	0.8	98.8
1.64	1.2	99.2	0.8	98.8
1.65	0.6	98.6	1.4	99.4
1.66	1.2	99.2	0.8	98.8
1.67	0.8	98.8	1.2	99.2
1.68	0.6	98.6	1.4	99.4
1.69	0.6	98.6	1.4	99.4
1.7	1.2	99.2	0.8	98.8
1.71	0.8	98.8	1.2	99.2
1.72	0.8	98.8	1.2	99.2
1.73	1	99	1	99
1.74	1.2	99.2	0.8	98.8
1.75	1	99	1	99
1.76	0.8	98.8	1.2	99.2
1.77	1	99	1	99
1.78	0.6	98.6	1.4	99.4
1.79	0.6	98.6	1.4	99.4
1.8	1.2	99.2	0.8	98.8
1.81	1	99	1	99
1.82	1.6	99.6	0.4	98.4
1.83	0.8	98.8	1.2	99.2
1.84	0.8	98.8	1.2	99.2
1.85	0.8	98.8	1.2	99.2
1.86	0.4	98.4	1.6	99.6
1.87	0.8	98.8	1.2	99.2
1.88	0.6	98.6	1.4	99.4
1.89	0.6	98.6	1.4	99.4
1.9	1.2	99.2	0.8	98.8
1.91	1.2	99.2	0.8	98.8
1.92	0.8	98.8	1.2	99.2
1.93	0.8	98.8	1.2	99.2
1.94	1	99	1	99
1.95	0.2	98.2	1.8	99.8
1.96	0.8	98.8	1.2	99.2
1.97	0.6	98.6	1.4	99.4
1.98	0.6	98.6	1.4	99.4
1.99	0.2	98.2	1.8	99.8
2	1.4	99.4	0.6	98.6
2.01	0.8	98.8	1.2	99.2
2.02	1.2	99.2	0.8	98.8
2.03	1	99	1	99
2.04	1	99	1	99
2.05	0.4	98.4	1.6	99.6
2.06	0.8	98.8	1.2	99.2
2.07	0.8	98.8	1.2	99.2
2.08	1	99	1	99
2.09	1.2	99.2	0.8	98.8
2.1	0.8	98.8	1.2	99.2
2.11	1.2	99.2	0.8	98.8
2.12	0.8	98.8	1.2	99.2
2.13	0.6	98.6	1.4	99.4
2.14	1	99	1	99
2.15	1	99	1	99
2.16	1	99	1	99
2.17	1	99	1	99
2.18	1.6	99.6	0.4	98.4
2.19	0.6	98.6	1.4	99.4
2.2	1.2	99.2	0.8	98.8
2.21	1	99	1	99
2.22	1	99	1	99
2.23	0.8	98.8	1.2	99.2
2.24	1.2	99.2	0.8	98.8
2.25	0.8	98.8	1.2	99.2
2.26	1	99	1	99
2.27	0.8	98.8	1.2	99.2
2.28	1.2	99.2	0.8	98.8
2.29	1.2	99.2	0.8	98.8
2.3	1	99	1	99
2.31	0.8	98.8	1.2	99.2
2.32	0.4	98.4	1.6	99.6
2.33	0.8	98.8	1.2	99.2
2.34	1.4	99.4	0.6	98.6
2.35	0.8	98.8	1.2	99.2
2.36	0.4	98.4	1.6	99.6
2.37	1	99	1	99
2.38	0.6	98.6	1.4	99.4
2.39	1.4	99.4	0.6	98.6
2.4	1	99	1	99
2.41	0.8	98.8	1.2	99.2
2.42	0.4	98.4	1.6	99.6
2.43	1.4	99.4	0.6	98.6
2.44	1	99	1	99
2.45	0.2	98.2	1.8	99.8
2.46	1.6	99.6	0.4	98.4
2.47	1	99	1	99
2.48	1	99	1	99
2.49	0.6	98.6	1.4	99.4
2.5	0.8	98.8	1.2	99.2
2.51	1	99	1	99
2.52	1	99	1	99
2.53	0.6	98.6	1.4	99.4
2.54	1	99	1	99
2.55	1	99	1	99
2.56	0.8	98.8	1.2	99.2
2.57	0.6	98.6	1.4	99.4
2.58	0.8	98.8	1.2	99.2
2.59	1.2	99.2	0.8	98.8
2.6	0.6	98.6	1.4	99.4
2.61	1	99	1	99
2.62	0.6	98.6	1.4	99.4
2.63	0.6	98.6	1.4	99.4
2.64	1.4	99.4	0.6	98.6
2.65	0.8	98.8	1.2	99.2
2.66	1.2	99.2	0.8	98.8
2.67	1	99	1	99
2.68	0.6	98.6	1.4	99.4
2.69	1.4	99.4	0.6	98.6
2.7	1.2	99.2	0.8	98.8
2.71	1.6	99.6	0.4	98.4
2.72	0.8	98.8	1.2	99.2
2.73	0.6	98.6	1.4	99.4
2.74	1	99	1	99
2.75	1	99	1	99
2.76	0.8	98.8	1.2	99.2
2.77	1	99	1	99
2.78	0.8	98.8	1.2	99.2
2.79	0.8	98.8	1.2	99.2
2.8	1.4	99.4	0.6	98.6
2.81	1.2	99.2	0.8	98.8
2.82	1.2	99.2	0.8	98.8
2.83	1	99	1	99
2.84	0.8	98.8	1.2	99.2
2.85	0.8	98.8	1.2	99.2
2.86	1.2	99.2	0.8	98.8
2.87	0.6	98.6	1.4	99.4
2.88	0.4	98.4	1.6	99.6
2.89	1.2	99.2	0.8	98.8
2.9	1.4	99.4	0.6	98.6
2.91	1	99	1	99
2.92	0.6	98.6	1.4	99.4
2.93	1.2	99.2	0.8	98.8
2.94	0.4	98.4	1.6	99.6
2.95	1.2	99.2	0.8	98.8
2.96	0.6	98.6	1.4	99.4
2.97	1.4	99.4	0.6	98.6
2.98	1	99	1	99
2.99	1	99	1	99
3	0.8	98.8	1.2	99.2
