t	FPR	FNR	TRP	TNR
1	100	0	100	0
1.01	100	0	100	0
1.02	100	0	100	0
1.03	100	0	100	0
1.04	100	0	100	0
1.05	100	0	100	0
1.06	100	0	100	0
1.07	100	0	100	0
1.08	100	0	100	0
1.09	100	0	100	0
1.1	100	0	100	0
1.11	100	0	100	0
1.12	100	0	100	0
1.13	100	0	100	0
1.14	100	0	100	0
1.15	100	0	100	0
1.16	100	0	100	0
1.17	100	0	100	0
1.18	100	0	100	0
1.19	100	0	100	0
1.2	100	0	100	0
1.21	100	0	100	0
1.22	100	0	100	0
1.23	100	0	100	0
1.24	100	0	100	0
1.25	100	0	100	0
1.26	100	0	100	0
1.27	100	0	100	0
1.28	100	0	100	0
1.29	100	0	100	0
1.3	100	0	100	0
1.31	100	0	100	0
1.32	99.8	0	100	0.2
1.33	100	0	100	0
1.34	100	0	100	0
1.35	100	0	100	0
1.36	100	0	100	0
1.37	100	0	100	0
1.38	100	0	100	0
1.39	100	0	100	0
1.4	100	0	100	0
1.41	100	0	100	0
1.42	100	0	100	0
1.43	100	0	100	0
1.44	100	0	100	0
1.45	100	0	100	0
1.46	100	0	100	0
1.47	100	0	100	0
1.48	100	0	100	0
1.49	100	0	100	0
1.5	100	0	100	0
1.51	100	0	100	0
1.52	100	0	100	0
1.53	100	0	100	0
1.54	100	0	100	0
1.55	100	0	100	0
1.56	100	0	100	0
1.57	100	0	100	0
1.58	100	0	100	0
1.59	100	0	100	0
1.6	99.6	0	100	0.4
1.61	100	0	100	0
1.62	99.8	0	100	0.2
1.63	99.8	0	100	0.2
1.64	99.8	0	100	0.2
1.65	100	0	100	0
1.66	99.8	0	100	0.2
1.67	99.6	0	100	0.4
1.68	99.6	0	100	0.4
1.69	100	0	100	0
1.7	99.2	0	100	0.8
1.71	99.6	0	100	0.4
1.72	99.8	0	100	0.2
1.73	99.2	0	100	0.8
1.74	99.4	0	100	0.6
1.75	100	0	100	0
1.76	99.8	0	100	0.2
1.77	99.2	0	100	0.8
1.78	99.2	0	100	0.8
1.79	99.2	0	100	0.8
1.8	98.2	0	100	1.8
1.81	99.6	0	100	0.4
1.82	99.4	0	100	0.6
1.83	98.8	0	100	1.2
1.84	99.2	0	100	0.8
1.85	98.6	0	100	1.4
1.86	97.4	0	100	2.6
1.87	98.4	0	100	1.6
1.88	98.4	0	100	1.6
1.89	98.6	0	100	1.4
1.9	98.6	0	100	1.4
1.91	98.4	0	100	1.6
1.92	98.4	0	100	1.6
1.93	98.6	0	100	1.4
1.94	99	0	100	1
1.95	96.6	0	100	3.4
1.96	98	0	100	2
1.97	98.6	0	100	1.4
1.98	98.4	0	100	1.6
1.99	98.4	0	100	1.6
2	97.6	0	100	2.4
2.01	97.2	0	100	2.8
2.02	97.4	0	100	2.6
2.03	97.6	0	100	2.4
2.04	97.2	0	100	2.8
2.05	97	0	100	3
2.06	96.6	0	100	3.4
2.07	96.2	0	100	3.8
2.08	96.4	0	100	3.6
2.09	96	0	100	4
2.1	97	0	100	3
2.11	95.6	0	100	4.4
2.12	97	0	100	3
2.13	95.2	0	100	4.8
2.14	93.8	0	100	6.2
2.15	96.4	0	100	3.6
2.16	95.8	0	100	4.2
2.17	94.6	0	100	5.4
2.18	93.6	0	100	6.4
2.19	95.4	0	100	4.6
2.2	91.6	0	100	8.4
2.21	92.8	0	100	7.2
2.22	93.8	0	100	6.2
2.23	94.4	0	100	5.6
2.24	92.8	0	100	7.2
2.25	89.2	0	100	10.8
2.26	93.4	0	100	6.6
2.27	92.8	0	100	7.2
2.28	92.6	0	100	7.4
2.29	92.4	0	100	7.6
2.3	89.4	0	100	10.6
2.31	88.6	0	100	11.4
2.32	91	0	100	9
2.33	90	0	100	10
2.34	89	0	100	11
2.35	90.2	0	100	9.8
2.36	91.8	0	100	8.2
2.37	88.6	0	100	11.4
2.38	87.6	0	100	12.4
2.39	88.2	0	100	11.8
2.4	90	0	100	10
2.41	89.2	0	100	10.8
2.42	86.4	0	100	13.6
2.43	88.8	0	100	11.2
2.44	85.4	0	100	14.6
2.45	89.6	0	100	10.4
2.46	88.2	0	100	11.8
2.47	88.6	0	100	11.4
2.48	87.2	0	100	12.8
2.49	85.6	0	100	14.4
2.5	87.2	0	100	12.8
2.51	87	0	100	13
2.52	83.4	0	100	16.6
2.53	85.8	0	100	14.2
2.54	83.2	0	100	16.8
2.55	84.2	0	100	15.8
2.56	83.2	0	100	16.8
2.57	81.4	0	100	18.6
2.58	83.2	0	100	16.8
2.59	85.6	0	100	14.4
2.6	81	0	100	19
2.61	80.8	0	100	19.2
2.62	79	0	100	21
2.63	79	0	100	21
2.64	80.8	0	100	19.2
2.65	78.8	0	100	21.2
2.66	83	0	100	17
2.67	80	0	100	20
2.68	80.4	0	100	19.6
2.69	79.2	0	100	20.8
2.7	79	0	100	21
2.71	79.2	0	100	20.8
2.72	75.4	0	100	24.6
2.73	75.8	0	100	24.2
2.74	75.4	0	100	24.6
2.75	76.6	0.2	99.8	23.4
2.76	77.2	0	100	22.8
2.77	75.2	0	100	24.8
2.78	77.6	0	100	22.4
2.79	75.6	0	100	24.4
2.8	75	0	100	25
2.81	72.2	0	100	27.8
2.82	73.4	0	100	26.6
2.83	72.2	0	100	27.8
2.84	70.2	0	100	29.8
2.85	74.2	0	100	25.8
2.86	72.8	0	100	27.2
2.87	73.8	0.2	99.8	26.2
2.88	70.2	0	100	29.8
2.89	71.8	0.2	99.8	28.2
2.9	70.2	0	100	29.8
2.91	69	0	100	31
2.92	69.2	0	100	30.8
2.93	65.8	0	100	34.2
2.94	74.4	0	100	25.6
2.95	68.2	0.2	99.8	31.8
2.96	68	0.2	99.8	32
2.97	66.2	0.4	99.6	33.8
2.98	66.6	0.2	99.8	33.4
2.99	67.8	0	100	32.2
3	63.6	0.2	99.8	36.4
