t	FPR	FNR	TRP	TNR
1	100	0	100	0
1.01	100	0	100	0
1.02	100	0	100	0
1.03	100	0	100	0
1.04	100	0	100	0
1.05	100	0	100	0
1.06	100	0	100	0
1.07	100	0	100	0
1.08	100	0	100	0
1.09	100	0	100	0
1.1	100	0	100	0
1.11	100	0	100	0
1.12	100	0	100	0
1.13	100	0	100	0
1.14	100	0	100	0
1.15	100	0	100	0
1.16	100	0	100	0
1.17	100	0	100	0
1.18	100	0	100	0
1.19	100	0	100	0
1.2	100	0	100	0
1.21	100	0	100	0
1.22	100	0	100	0
1.23	100	0	100	0
1.24	100	0	100	0
1.25	100	0	100	0
1.26	100	0	100	0
1.27	100	0	100	0
1.28	99.8	0	100	0.2
1.29	100	0	100	0
1.3	100	0	100	0
1.31	100	0	100	0
1.32	99.6	0	100	0.4
1.33	100	0	100	0
1.34	100	0	100	0
1.35	100	0	100	0
1.36	100	0	100	0
1.37	100	0	100	0
1.38	100	0	100	0
1.39	99.8	0	100	0.2
1.4	99.8	0	100	0.2
1.41	99.8	0	100	0.2
1.42	100	0	100	0
1.43	100	0	100	0
1.44	100	0	100	0
1.45	99.8	0	100	0.2
1.46	99.8	0	100	0.2
1.47	99.6	0	100	0.4
1.48	100	0	100	0
1.49	99.8	0	100	0.2
1.5	99.8	0	100	0.2
1.51	100	0	100	0
1.52	100	0	100	0
1.53	99.4	0	100	0.6
1.54	98.6	0	100	1.4
1.55	99.4	0	100	0.6
1.56	99.4	0	100	0.6
1.57	99.2	0	100	0.8
1.58	99.2	0	100	0.8
1.59	99.2	0	100	0.8
1.6	99.4	0	100	0.6
1.61	98.8	0	100	1.2
1.62	99.8	0	100	0.2
1.63	99	0	100	1
1.64	99.4	0	100	0.6
1.65	99	0	100	1
1.66	99.2	0	100	0.8
1.67	99.4	0	100	0.6
1.68	98.4	0	100	1.6
1.69	97.4	0	100	2.6
1.7	98.8	0	100	1.2
1.71	97.4	0	100	2.6
1.72	98.6	0	100	1.4
1.73	98	0	100	2
1.74	98	0	100	2
1.75	98.4	0	100	1.6
1.76	99	0	100	1
1.77	96.6	0	100	3.4
1.78	98	0	100	2
1.79	96.4	0	100	3.6
1.8	97.8	0	100	2.2
1.81	97	0	100	3
1.82	97	0	100	3
1.83	97.2	0	100	2.8
1.84	96.4	0	100	3.6
1.85	95.6	0	100	4.4
1.86	97.2	0	100	2.8
1.87	96	0	100	4
1.88	97	0	100	3
1.89	96.6	0	100	3.4
1.9	94.8	0	100	5.2
1.91	94.4	0	100	5.6
1.92	95.4	0	100	4.6
1.93	94	0	100	6
1.94	95.2	0	100	4.8
1.95	95.4	0	100	4.6
1.96	95.2	0	100	4.8
1.97	95.2	0	100	4.8
1.98	93.2	0	100	6.8
1.99	95.4	0	100	4.6
2	95	0	100	5
2.01	92.6	0	100	7.4
2.02	91	0	100	9
2.03	92	0	100	8
2.04	92	0	100	8
2.05	92	0	100	8
2.06	94.2	0	100	5.8
2.07	92.4	0	100	7.6
2.08	92.4	0	100	7.6
2.09	91.8	0	100	8.2
2.1	92	0	100	8
2.11	90	0	100	10
2.12	87.6	0	100	12.4
2.13	88.8	0	100	11.2
2.14	88.6	0	100	11.4
2.15	90.6	0	100	9.4
2.16	89.8	0	100	10.2
2.17	88.6	0	100	11.4
2.18	87.2	0	100	12.8
2.19	88.6	0	100	11.4
2.2	85.2	0	100	14.8
2.21	84.4	0	100	15.6
2.22	86	0	100	14
2.23	87.4	0	100	12.6
2.24	87	0	100	13
2.25	86.8	0	100	13.2
2.26	84.6	0	100	15.4
2.27	86.4	0	100	13.6
2.28	85.2	0	100	14.8
2.29	84.4	0	100	15.6
2.3	86	0	100	14
2.31	84.8	0	100	15.2
2.32	82.2	0	100	17.8
2.33	80.8	0	100	19.2
2.34	82.4	0	100	17.6
2.35	79.6	0	100	20.4
2.36	83.2	0	100	16.8
2.37	76.8	0	100	23.2
2.38	81.4	0	100	18.6
2.39	80	0	100	20
2.4	81.4	0	100	18.6
2.41	74.4	0	100	25.6
2.42	77	0	100	23
2.43	75.6	0	100	24.4
2.44	76	0	100	24
2.45	76.8	0	100	23.2
2.46	79.2	0	100	20.8
2.47	78	0	100	22
2.48	77.8	0	100	22.2
2.49	77.6	0	100	22.4
2.5	75.6	0	100	24.4
2.51	75.2	0	100	24.8
2.52	75.2	0	100	24.8
2.53	72.2	0	100	27.8
2.54	70.6	0	100	29.4
2.55	74	0	100	26
2.56	75.8	0	100	24.2
2.57	75.8	0	100	24.2
2.58	73.8	0.2	99.8	26.2
2.59	74.2	0	100	25.8
2.6	65.4	0	100	34.6
2.61	68.6	0	100	31.4
2.62	70.2	0	100	29.8
2.63	71.2	0.4	99.6	28.8
2.64	72.2	0.2	99.8	27.8
2.65	69.6	0	100	30.4
2.66	68.4	0	100	31.6
2.67	68.2	0.2	99.8	31.8
2.68	69.8	0	100	30.2
2.69	68.2	0	100	31.8
2.7	67.6	0	100	32.4
2.71	69.8	0.6	99.4	30.2
2.72	63.4	0.4	99.6	36.6
2.73	64.6	0.2	99.8	35.4
2.74	63.6	0.2	99.8	36.4
2.75	61	0.4	99.6	39
2.76	65.4	0.2	99.8	34.6
2.77	65.8	0.4	99.6	34.2
2.78	64.8	0.2	99.8	35.2
2.79	67	0.4	99.6	33
2.8	63	0.6	99.4	37
2.81	59.8	0.4	99.6	40.2
2.82	64.8	0.6	99.4	35.2
2.83	62	0.6	99.4	38
2.84	59.6	0.4	99.6	40.4
2.85	61.4	0.4	99.6	38.6
2.86	60.2	0.6	99.4	39.8
2.87	56.4	0.6	99.4	43.6
2.88	62.6	0.8	99.2	37.4
2.89	59.8	0.2	99.8	40.2
2.9	56.8	0.6	99.4	43.2
2.91	60	0.8	99.2	40
2.92	62.2	0.8	99.2	37.8
2.93	57.4	0.4	99.6	42.6
2.94	57	1	99	43
2.95	54.4	0.8	99.2	45.6
2.96	59.6	0.8	99.2	40.4
2.97	54.6	0.2	99.8	45.4
2.98	56.2	0.4	99.6	43.8
2.99	57.4	1.4	98.6	42.6
3	52.8	0.8	99.2	47.2
