t	FPR	FNR	TRP	TNR
1	3.6	0	100	96.4
1.01	3.4	0.2	99.8	96.6
1.02	3.2	0	100	96.8
1.03	2.2	0	100	97.8
1.04	3	0	100	97
1.05	2.8	0	100	97.2
1.06	2.6	0	100	97.4
1.07	1.4	0	100	98.6
1.08	3.6	0	100	96.4
1.09	3	0.2	99.8	97
1.1	2.6	0	100	97.4
1.11	3	0	100	97
1.12	2.6	0	100	97.4
1.13	2.6	0	100	97.4
1.14	2.4	0	100	97.6
1.15	2.2	0.2	99.8	97.8
1.16	2.4	0	100	97.6
1.17	2.6	0	100	97.4
1.18	2.6	0	100	97.4
1.19	3.4	0.4	99.6	96.6
1.2	2.8	0.2	99.8	97.2
1.21	2	0	100	98
1.22	2.2	0.4	99.6	97.8
1.23	2.8	0.4	99.6	97.2
1.24	2.2	0	100	97.8
1.25	2.2	0	100	97.8
1.26	3.6	0.2	99.8	96.4
1.27	3.8	0.4	99.6	96.2
1.28	1.6	0.4	99.6	98.4
1.29	3	0	100	97
1.3	1.8	0.4	99.6	98.2
1.31	4.8	0	100	95.2
1.32	4.4	0.2	99.8	95.6
1.33	3.8	0.6	99.4	96.2
1.34	3.6	0.8	99.2	96.4
1.35	3.6	0.4	99.6	96.4
1.36	2.8	0.4	99.6	97.2
1.37	3	0.6	99.4	97
1.38	2.8	1.2	98.8	97.2
1.39	3.6	0.2	99.8	96.4
1.4	3	0.4	99.6	97
1.41	1.8	1.6	98.4	98.2
1.42	1.6	1	99	98.4
1.43	2.8	1.4	98.6	97.2
1.44	1.6	1.2	98.8	98.4
1.45	2.2	1.4	98.6	97.8
1.46	1.6	1.6	98.4	98.4
1.47	1.6	0.6	99.4	98.4
1.48	2.2	1.2	98.8	97.8
1.49	2	1.6	98.4	98
1.5	2.6	1.6	98.4	97.4
1.51	1.8	2	98	98.2
1.52	3.8	1.8	98.2	96.2
1.53	3.4	1.6	98.4	96.6
1.54	2.6	2.4	97.6	97.4
1.55	2.2	3	97	97.8
1.56	1.2	2	98	98.8
1.57	3	3	97	97
1.58	3	4	96	97
1.59	2.8	2.4	97.6	97.2
1.6	3.4	3.2	96.8	96.6
1.61	2.8	3	97	97.2
1.62	2.2	5.2	94.8	97.8
1.63	1.8	3.2	96.8	98.2
1.64	3.8	3.6	96.4	96.2
1.65	1.6	4.6	95.4	98.4
1.66	2.2	2.8	97.2	97.8
1.67	2.4	5.4	94.6	97.6
1.68	2.8	5.4	94.6	97.2
1.69	3.2	4.8	95.2	96.8
1.7	2	5	95	98
1.71	1.6	6	94	98.4
1.72	2	7.6	92.4	98
1.73	2.2	7.8	92.2	97.8
1.74	2.8	9.4	90.6	97.2
1.75	2.2	7.8	92.2	97.8
1.76	2.4	8.4	91.6	97.6
1.77	1.6	6.2	93.8	98.4
1.78	3.8	8.6	91.4	96.2
1.79	2	9.4	90.6	98
1.8	2.8	8.2	91.8	97.2
1.81	4	10.8	89.2	96
1.82	1	11	89	99
1.83	2	10	90	98
1.84	1.8	11.6	88.4	98.2
1.85	3.2	13.4	86.6	96.8
1.86	1.8	10.8	89.2	98.2
1.87	2.4	9.2	90.8	97.6
1.88	3	11.4	88.6	97
1.89	1.8	12.8	87.2	98.2
1.9	2	13.2	86.8	98
1.91	3.2	15	85	96.8
1.92	2.4	11.6	88.4	97.6
1.93	2.8	17.2	82.8	97.2
1.94	2.4	15.6	84.4	97.6
1.95	2.4	11.6	88.4	97.6
1.96	1.4	11.2	88.8	98.6
1.97	2	16.6	83.4	98
1.98	2.4	20.6	79.4	97.6
1.99	3.4	17.6	82.4	96.6
2	2	17.2	82.8	98
2.01	1.8	18	82	98.2
2.02	1	20.2	79.8	99
2.03	3	19.4	80.6	97
2.04	2.4	16.4	83.6	97.6
2.05	1.6	23.4	76.6	98.4
2.06	2	18.4	81.6	98
2.07	3	26.4	73.6	97
2.08	2.4	22.8	77.2	97.6
2.09	2.2	20.2	79.8	97.8
2.1	1.6	23.2	76.8	98.4
2.11	1.2	25.6	74.4	98.8
2.12	2.4	26	74	97.6
2.13	1.6	26.8	73.2	98.4
2.14	1.6	25.4	74.6	98.4
2.15	2.8	23.6	76.4	97.2
2.16	2.6	26	74	97.4
2.17	2.6	24.8	75.2	97.4
2.18	2	30.6	69.4	98
2.19	0.6	30.4	69.6	99.4
2.2	1.2	26.6	73.4	98.8
2.21	2.6	33.4	66.6	97.4
2.22	1	32.2	67.8	99
2.23	1.6	31.8	68.2	98.4
2.24	0.8	31.4	68.6	99.2
2.25	1.4	37	63	98.6
2.26	1.6	32	68	98.4
2.27	1.2	31.2	68.8	98.8
2.28	2	38.4	61.6	98
2.29	2	36.4	63.6	98
2.3	2.6	31.6	68.4	97.4
2.31	1.2	37.6	62.4	98.8
2.32	2.4	36.4	63.6	97.6
2.33	1.4	37.6	62.4	98.6
2.34	2	44.6	55.4	98
2.35	1	40.4	59.6	99
2.36	1.2	41.4	58.6	98.8
2.37	1	43.4	56.6	99
2.38	1.8	41.6	58.4	98.2
2.39	0.8	44.4	55.6	99.2
2.4	1.8	42.6	57.4	98.2
2.41	1	46.2	53.8	99
2.42	2	49.8	50.2	98
2.43	1.4	41.4	58.6	98.6
2.44	1.2	45	55	98.8
2.45	2.2	42.8	57.2	97.8
2.46	1.4	47.8	52.2	98.6
2.47	1.2	47.8	52.2	98.8
2.48	2	47.4	52.6	98
2.49	2.6	46.8	53.2	97.4
2.5	2.2	48.6	51.4	97.8
2.51	0.8	54.8	45.2	99.2
2.52	2.8	52.6	47.4	97.2
2.53	2.6	52.4	47.6	97.4
2.54	2.2	54.8	45.2	97.8
2.55	2.2	56	44	97.8
2.56	1.2	54.8	45.2	98.8
2.57	1.4	52.6	47.4	98.6
2.58	0.8	53	47	99.2
2.59	0.4	57.2	42.8	99.6
2.6	1.4	52.4	47.6	98.6
2.61	1.2	58.4	41.6	98.8
2.62	1.4	58	42	98.6
2.63	2.2	58	42	97.8
2.64	0.8	59.4	40.6	99.2
2.65	1.4	55.8	44.2	98.6
2.66	1.4	66.6	33.4	98.6
2.67	1.6	57.2	42.8	98.4
2.68	1.4	60.6	39.4	98.6
2.69	1	62.6	37.4	99
2.7	1.2	64.8	35.2	98.8
2.71	1	70.8	29.2	99
2.72	0.8	62.4	37.6	99.2
2.73	1	63	37	99
2.74	1.8	60.4	39.6	98.2
2.75	0.8	65	35	99.2
2.76	1.2	74.8	25.2	98.8
2.77	0.4	68.2	31.8	99.6
2.78	1	68.2	31.8	99
2.79	1	66.2	33.8	99
2.8	0.8	77.4	22.6	99.2
2.81	0.6	71.2	28.8	99.4
2.82	0.8	67.6	32.4	99.2
2.83	0.6	74.8	25.2	99.4
2.84	0.8	71.2	28.8	99.2
2.85	0.8	75.4	24.6	99.2
2.86	0.8	71.2	28.8	99.2
2.87	0.6	79.4	20.6	99.4
2.88	0.6	77.2	22.8	99.4
2.89	1.2	73	27	98.8
2.9	0.4	79	21	99.6
2.91	0.2	78.2	21.8	99.8
2.92	0.8	72.4	27.6	99.2
2.93	0.4	80	20	99.6
2.94	0.8	81.2	18.8	99.2
2.95	0.6	73.6	26.4	99.4
2.96	0.2	83	17	99.8
2.97	1.2	78.4	21.6	98.8
2.98	0.6	78	22	99.4
2.99	0.2	79.8	20.2	99.8
3	0.8	81.8	18.2	99.2
