t	FPR	FNR	TRP	TNR
100	0	0	100	100
110	0	0	100	100
120	0	0	100	100
130	0	0	100	100
140	0	0	100	100
150	0	0	100	100
160	0	0	100	100
170	0	0	100	100
180	0	0	100	100
190	0	0	100	100
200	0	0	100	100
210	0	0	100	100
220	0	0	100	100
230	0	0	100	100
240	0	0	100	100
250	0	0	100	100
260	0	0	100	100
270	0	0	100	100
280	0	0	100	100
290	0	0	100	100
300	0	0	100	100
310	0	0	100	100
320	0	0	100	100
330	0	0	100	100
340	47	55.6	44.4	53
350	45	58.2	41.8	55
360	40	62.4	37.6	60
370	40.8	63.2	36.8	59.2
380	32.6	69	31	67.4
390	31.2	70.2	29.8	68.8
400	29	73.4	26.6	71
410	29.4	74	26	70.6
420	22.6	76	24	77.4
430	28.6	75.2	24.8	71.4
440	7.8	64.2	35.8	92.2
450	24.4	81	19	75.6
460	6.6	65.4	34.6	93.4
470	6.8	71.2	28.8	93.2
480	9	70.2	29.8	91
490	6.6	72	28	93.4
500	6	70	30	94
510	5.2	72.8	27.2	94.8
520	3.8	76	24	96.2
530	5.2	74.6	25.4	94.8
540	4.4	77.8	22.2	95.6
550	2.4	77.8	22.2	97.6
560	3.4	80.6	19.4	96.6
570	3.6	81.4	18.6	96.4
580	2.4	83.8	16.2	97.6
590	2	84.4	15.6	98
600	3.8	85.6	14.4	96.2
610	3.2	75.6	24.4	96.8
620	0.2	66.4	33.6	99.8
630	0	59	41	100
640	0	59.4	40.6	100
650	0.4	65.8	34.2	99.6
660	0.2	63.8	36.2	99.8
670	0.8	63.4	36.6	99.2
680	0.4	64.2	35.8	99.6
690	0.2	64	36	99.8
700	0	63.2	36.8	100
710	0	68.4	31.6	100
720	0.4	73.2	26.8	99.6
730	0.4	71.8	28.2	99.6
740	0.4	76	24	99.6
750	0.4	75.4	24.6	99.6
760	0	75.4	24.6	100
770	0	83.2	16.8	100
780	0	77	23	100
790	0.2	79.2	20.8	99.8
800	0	78.6	21.4	100
810	0.6	82.8	17.2	99.4
820	1	95.4	4.6	99
830	0	83	17	100
840	0	86.8	13.2	100
850	0	82.6	17.4	100
860	0	84.8	15.2	100
870	0	86.4	13.6	100
880	0	88	12	100
890	0.4	86.6	13.4	99.6
900	0	87	13	100
910	0	88.6	11.4	100
920	0	91	9	100
930	0.8	95.4	4.6	99.2
940	0.6	95.4	4.6	99.4
950	0	88.2	11.8	100
960	0.2	89.8	10.2	99.8
970	0.2	88	12	99.8
980	0	91.2	8.8	100
990	0.6	94.8	5.2	99.4
1000	1.2	99.4	0.6	98.8
1010	0	90.2	9.8	100
1020	0	89.2	10.8	100
1030	0	93.4	6.6	100
1040	0.4	96.2	3.8	99.6
1050	0	93.2	6.8	100
1060	0	91.4	8.6	100
1070	0	93	7	100
1080	0	94.4	5.6	100
1090	0.2	92.6	7.4	99.8
1100	0.6	99	1	99.4
1110	0.4	93.8	6.2	99.6
1120	0	94	6	100
1130	0	93.2	6.8	100
1140	0	94	6	100
1150	0	97.8	2.2	100
1160	0	95.2	4.8	100
1170	0.4	98.2	1.8	99.6
1180	0.2	98	2	99.8
1190	0.2	98.8	1.2	99.8
1200	0.2	97.8	2.2	99.8
1210	0	94.8	5.2	100
1220	0.4	98.2	1.8	99.6
1230	0.2	97.2	2.8	99.8
1240	0	97.6	2.4	100
1250	0.2	95.2	4.8	99.8
1260	0	95.2	4.8	100
1270	0.2	95.8	4.2	99.8
1280	1	99.8	0.2	99
1290	0.4	99.4	0.6	99.6
1300	0	97.8	2.2	100
1310	0	97.2	2.8	100
1320	0	98	2	100
1330	0.2	99.2	0.8	99.8
1340	0.2	98	2	99.8
1350	0	98	2	100
1360	0.2	99.6	0.4	99.8
1370	0.2	99	1	99.8
1380	0	97.6	2.4	100
1390	0.2	98.2	1.8	99.8
1400	0	96.6	3.4	100
1410	0.8	100	0	99.2
1420	0.2	98.2	1.8	99.8
1430	0	97.4	2.6	100
1440	0	98	2	100
1450	0	98.2	1.8	100
1460	0	98.4	1.6	100
1470	0.2	98.6	1.4	99.8
1480	2.2	100	0	97.8
1490	0.8	99.8	0.2	99.2
1500	0	99	1	100
1510	0	99.4	0.6	100
1520	0.2	98.2	1.8	99.8
1530	0	98.6	1.4	100
1540	0	97	3	100
1550	0	98.8	1.2	100
1560	0.2	95.6	4.4	99.8
1570	0.8	100	0	99.2
1580	0.2	99.2	0.8	99.8
1590	0	99	1	100
1600	0	98.4	1.6	100
1610	0	98.8	1.2	100
1620	0	99.6	0.4	100
1630	0.2	99.4	0.6	99.8
1640	0	99	1	100
1650	0	98.4	1.6	100
1660	0.2	99.8	0.2	99.8
1670	0.4	99.4	0.6	99.6
1680	0	99.2	0.8	100
1690	0	99.8	0.2	100
1700	0	98.8	1.2	100
1710	0	99.6	0.4	100
1720	0.2	99.2	0.8	99.8
1730	0.4	99.4	0.6	99.6
1740	0.8	100	0	99.2
1750	0.2	99.4	0.6	99.8
1760	1	100	0	99
1770	0.2	99.8	0.2	99.8
1780	0.2	99.4	0.6	99.8
1790	0	98.2	1.8	100
1800	0	98.6	1.4	100
1810	1.4	100	0	98.6
1820	0	98.2	1.8	100
1830	0	99.2	0.8	100
1840	0	99.4	0.6	100
1850	0.2	100	0	99.8
1860	0.4	99.6	0.4	99.6
1870	0	99	1	100
1880	0.4	99.8	0.2	99.6
1890	0	100	0	100
1900	0.4	100	0	99.6
1910	0	100	0	100
1920	0.8	100	0	99.2
1930	0.4	99.4	0.6	99.6
1940	0.2	100	0	99.8
1950	0	99.2	0.8	100
1960	0.2	99.6	0.4	99.8
1970	0.4	100	0	99.6
1980	0.2	100	0	99.8
1990	0	99.6	0.4	100
2000	0	99.4	0.6	100
2010	0	99.4	0.6	100
2020	0	99.4	0.6	100
2030	0.2	99.8	0.2	99.8
2040	0.4	100	0	99.6
2050	0	100	0	100
