t	FPR	FNR	TRP	TNR
100	2	0	100	98
110	2.6	0	100	97.4
120	3.6	0	100	96.4
130	1.4	0	100	98.6
140	2.8	0	100	97.2
150	1.8	0	100	98.2
160	3.4	0	100	96.6
170	2	0	100	98
180	2.4	0	100	97.6
190	2.2	0	100	97.8
200	2	0	100	98
210	1.8	0	100	98.2
220	2	0	100	98
230	1.2	0	100	98.8
240	1.8	0	100	98.2
250	1.6	0	100	98.4
260	1.8	0	100	98.2
270	1.4	0	100	98.6
280	1.6	0	100	98.4
290	2.8	0	100	97.2
300	1.4	0	100	98.6
310	1.4	0	100	98.6
320	0.8	0	100	99.2
330	2.6	0	100	97.4
340	1.8	0	100	98.2
350	1.2	0	100	98.8
360	2.2	0	100	97.8
370	1.8	0	100	98.2
380	0.8	0	100	99.2
390	1.6	0	100	98.4
400	2	0	100	98
410	2.2	0	100	97.8
420	1.2	0	100	98.8
430	2.4	0	100	97.6
440	2.4	0	100	97.6
450	2.6	0	100	97.4
460	0.6	0	100	99.4
470	1.8	0	100	98.2
480	1.8	0	100	98.2
490	1.4	0	100	98.6
500	2	0	100	98
510	2	0	100	98
520	2.6	0	100	97.4
530	2.6	0	100	97.4
540	1.8	0	100	98.2
550	2.2	0	100	97.8
560	1.6	0	100	98.4
570	3.2	0	100	96.8
580	2.6	0	100	97.4
590	2.6	0	100	97.4
600	2.2	0	100	97.8
610	1.4	0	100	98.6
620	2	0	100	98
630	3	0	100	97
640	2.2	0	100	97.8
650	1.4	0	100	98.6
660	1.8	0	100	98.2
670	2.4	0	100	97.6
680	2.4	0	100	97.6
690	2.4	0	100	97.6
700	1.2	0	100	98.8
710	3	0	100	97
720	1.6	0	100	98.4
730	1.6	0.2	99.8	98.4
740	1.4	0	100	98.6
750	1.2	0.4	99.6	98.8
760	1.6	0	100	98.4
770	2	0.2	99.8	98
780	1.8	0.2	99.8	98.2
790	1.6	0.2	99.8	98.4
800	1	0.6	99.4	99
810	1.6	0.2	99.8	98.4
820	2.4	0.4	99.6	97.6
830	1.4	0.2	99.8	98.6
840	1.6	0.6	99.4	98.4
850	2.2	1.6	98.4	97.8
860	1.8	1	99	98.2
870	1.6	2.2	97.8	98.4
880	2.8	0.6	99.4	97.2
890	2.6	2.6	97.4	97.4
900	2.2	1.4	98.6	97.8
910	1.4	2.6	97.4	98.6
920	2.8	2.8	97.2	97.2
930	2.8	3.8	96.2	97.2
940	1.6	2.6	97.4	98.4
950	2	4.8	95.2	98
960	2.2	4.2	95.8	97.8
970	2	4.8	95.2	98
980	2.4	4.8	95.2	97.6
990	2.2	6.8	93.2	97.8
1000	1.4	6.8	93.2	98.6
1010	1.4	9	91	98.6
1020	2.2	5.4	94.6	97.8
1030	1.8	9	91	98.2
1040	1.8	7.6	92.4	98.2
1050	1	10.4	89.6	99
1060	0.8	12	88	99.2
1070	1.2	12.2	87.8	98.8
1080	1	13.4	86.6	99
1090	1	13	87	99
1100	0.6	13.6	86.4	99.4
1110	0	14.8	85.2	100
1120	2.6	17	83	97.4
1130	2.2	18.8	81.2	97.8
1140	1	17.8	82.2	99
1150	1.4	18	82	98.6
1160	1.8	17	83	98.2
1170	0.6	23.8	76.2	99.4
1180	1.8	18.8	81.2	98.2
1190	2.2	24.6	75.4	97.8
1200	1	25.6	74.4	99
1210	1.4	22.2	77.8	98.6
1220	1.4	23.2	76.8	98.6
1230	1.2	24.2	75.8	98.8
1240	2.4	27.8	72.2	97.6
1250	0.8	24.6	75.4	99.2
1260	1	32	68	99
1270	1.2	30.6	69.4	98.8
1280	1.2	33.4	66.6	98.8
1290	1.2	30.4	69.6	98.8
1300	1.2	32.8	67.2	98.8
1310	0.8	35	65	99.2
1320	1.4	38.8	61.2	98.6
1330	1.4	38	62	98.6
1340	2.2	39.4	60.6	97.8
1350	1.8	39.8	60.2	98.2
1360	1.8	44.2	55.8	98.2
1370	1.4	43.8	56.2	98.6
1380	1.4	43.6	56.4	98.6
1390	1.8	40.6	59.4	98.2
1400	0.8	48.6	51.4	99.2
1410	1.2	41.8	58.2	98.8
1420	1.6	46.2	53.8	98.4
1430	1.4	48.6	51.4	98.6
1440	0.8	49.6	50.4	99.2
1450	0.8	46.6	53.4	99.2
1460	0.8	52	48	99.2
1470	1.6	52	48	98.4
1480	1.4	48	52	98.6
1490	0.6	53	47	99.4
1500	0.4	53	47	99.6
1510	1	56.2	43.8	99
1520	1.6	55.4	44.6	98.4
1530	1	53.6	46.4	99
1540	1.6	56.8	43.2	98.4
1550	1.4	57	43	98.6
1560	1.2	57.4	42.6	98.8
1570	0.8	59.4	40.6	99.2
1580	0.8	60.4	39.6	99.2
1590	0.8	59.8	40.2	99.2
1600	1.4	61	39	98.6
1610	0.6	67.4	32.6	99.4
1620	0.4	64.4	35.6	99.6
1630	0.4	65.6	34.4	99.6
1640	0.6	65.4	34.6	99.4
1650	1.4	66	34	98.6
1660	1.2	70.4	29.6	98.8
1670	0.2	66.8	33.2	99.8
1680	0.4	65.4	34.6	99.6
1690	1	70.4	29.6	99
1700	0.4	70	30	99.6
1710	0	71.4	28.6	100
1720	0.6	69.2	30.8	99.4
1730	1.2	73.4	26.6	98.8
1740	0.6	72.2	27.8	99.4
1750	0.4	69.8	30.2	99.6
1760	0.4	74.8	25.2	99.6
1770	0.6	70	30	99.4
1780	0.4	74	26	99.6
1790	0.6	74.4	25.6	99.4
1800	0.4	76.6	23.4	99.6
1810	0.4	75.6	24.4	99.6
1820	0.2	73.8	26.2	99.8
1830	0.6	73	27	99.4
1840	0.6	76.6	23.4	99.4
1850	0.4	78.8	21.2	99.6
1860	0	76.4	23.6	100
1870	1.2	78.8	21.2	98.8
1880	0.6	75.2	24.8	99.4
1890	0.8	80.8	19.2	99.2
1900	0.6	80.6	19.4	99.4
1910	1	82.6	17.4	99
1920	0.6	83.8	16.2	99.4
1930	0.8	81.2	18.8	99.2
1940	0.4	80.8	19.2	99.6
1950	0.4	80.8	19.2	99.6
1960	0.8	80	20	99.2
1970	0.4	85	15	99.6
1980	1.2	87.2	12.8	98.8
1990	0.4	81.2	18.8	99.6
2000	1	78.8	21.2	99
2010	0.6	84.2	15.8	99.4
2020	0.6	84.4	15.6	99.4
2030	0	83.8	16.2	100
2040	0	84.6	15.4	100
2050	0.8	84.2	15.8	99.2
