t	FPR	FNR	TRP	TNR
100	5.6	0	100	94.4
110	4.8	0	100	95.2
120	6	0	100	94
130	5.6	0	100	94.4
140	6.8	0	100	93.2
150	4.4	0	100	95.6
160	6.2	0	100	93.8
170	5.8	0	100	94.2
180	5.2	0	100	94.8
190	6	0	100	94
200	4.4	0	100	95.6
210	6	0	100	94
220	4.8	0	100	95.2
230	4.8	0	100	95.2
240	5.4	0	100	94.6
250	4.6	0	100	95.4
260	4.2	0	100	95.8
270	6.2	0	100	93.8
280	5	0	100	95
290	4	0	100	96
300	5.4	0	100	94.6
310	5	0	100	95
320	2.8	0	100	97.2
330	6.6	0	100	93.4
340	4.4	0	100	95.6
350	5.2	0	100	94.8
360	4.4	0	100	95.6
370	4.4	0	100	95.6
380	4.6	0	100	95.4
390	4.6	0	100	95.4
400	6	0	100	94
410	5.2	0	100	94.8
420	4.8	0	100	95.2
430	5.4	0	100	94.6
440	4.4	0	100	95.6
450	6	0	100	94
460	5.2	0	100	94.8
470	6.4	0	100	93.6
480	5.4	0	100	94.6
490	7.2	0	100	92.8
500	6.6	0	100	93.4
510	6.2	0	100	93.8
520	5.6	0	100	94.4
530	6.6	0	100	93.4
540	6.2	0	100	93.8
550	5	0	100	95
560	6	0	100	94
570	4	0	100	96
580	5.4	0	100	94.6
590	3.2	0	100	96.8
600	5.6	0	100	94.4
610	4.8	0	100	95.2
620	4.4	0	100	95.6
630	5	0	100	95
640	5.6	0	100	94.4
650	3.6	0	100	96.4
660	6.4	0	100	93.6
670	5.8	0	100	94.2
680	3.8	0	100	96.2
690	5.4	0	100	94.6
700	5	0	100	95
710	5.8	0	100	94.2
720	5.6	0	100	94.4
730	5.2	0	100	94.8
740	4	0	100	96
750	6.4	0.4	99.6	93.6
760	3.8	0.2	99.8	96.2
770	4	0	100	96
780	5.6	0.2	99.8	94.4
790	4.8	0.2	99.8	95.2
800	6.8	0	100	93.2
810	4.8	0	100	95.2
820	3.2	0	100	96.8
830	5.6	0.4	99.6	94.4
840	5.2	0.2	99.8	94.8
850	5.8	0	100	94.2
860	5.4	0	100	94.6
870	5.6	0.4	99.6	94.4
880	5.6	0.2	99.8	94.4
890	6.2	0.6	99.4	93.8
900	5	1	99	95
910	4.4	0.8	99.2	95.6
920	5.2	0.6	99.4	94.8
930	6	1	99	94
940	4.2	0.8	99.2	95.8
950	6	0.6	99.4	94
960	6.4	1.4	98.6	93.6
970	3.8	1.2	98.8	96.2
980	6	2	98	94
990	5.8	1	99	94.2
1000	5	2	98	95
1010	4.8	1.2	98.8	95.2
1020	4.6	2.2	97.8	95.4
1030	4.8	3	97	95.2
1040	6.6	2.4	97.6	93.4
1050	5.8	2	98	94.2
1060	8.6	2.8	97.2	91.4
1070	6.2	1.6	98.4	93.8
1080	5.6	2.8	97.2	94.4
1090	4.8	3.4	96.6	95.2
1100	5.4	2.6	97.4	94.6
1110	4.8	3.8	96.2	95.2
1120	5.2	3	97	94.8
1130	4.4	5.2	94.8	95.6
1140	4.2	4.4	95.6	95.8
1150	4.8	7.8	92.2	95.2
1160	6.8	5.6	94.4	93.2
1170	6.4	4	96	93.6
1180	4.2	4.2	95.8	95.8
1190	4	7.2	92.8	96
1200	4.8	7	93	95.2
1210	5	6	94	95
1220	4.2	8.8	91.2	95.8
1230	6.6	10.6	89.4	93.4
1240	5.2	7.8	92.2	94.8
1250	5	10	90	95
1260	7	8.6	91.4	93
1270	4.6	4.6	95.4	95.4
1280	3.8	10.4	89.6	96.2
1290	4.8	10	90	95.2
1300	5.8	11.8	88.2	94.2
1310	3.8	11.2	88.8	96.2
1320	5.8	8.4	91.6	94.2
1330	3.2	13	87	96.8
1340	5.6	12.6	87.4	94.4
1350	5.6	10.6	89.4	94.4
1360	6	15.6	84.4	94
1370	6.8	13.6	86.4	93.2
1380	2.8	14.8	85.2	97.2
1390	3.8	14	86	96.2
1400	3.6	18	82	96.4
1410	5.6	15.2	84.8	94.4
1420	4.8	17.6	82.4	95.2
1430	6.2	14.2	85.8	93.8
1440	6.6	16.4	83.6	93.4
1450	5.6	18.6	81.4	94.4
1460	3.4	19.4	80.6	96.6
1470	5.8	16.6	83.4	94.2
1480	5.8	21.8	78.2	94.2
1490	5.2	21.8	78.2	94.8
1500	6.4	18.4	81.6	93.6
1510	4.8	23.6	76.4	95.2
1520	4	20.2	79.8	96
1530	5.6	22.8	77.2	94.4
1540	5.6	21.8	78.2	94.4
1550	5.6	24.4	75.6	94.4
1560	6	23.2	76.8	94
1570	5	29.4	70.6	95
1580	5.6	21.2	78.8	94.4
1590	7.6	25.8	74.2	92.4
1600	3.8	28.8	71.2	96.2
1610	3	26.6	73.4	97
1620	6	25	75	94
1630	5.2	24	76	94.8
1640	5.8	26.2	73.8	94.2
1650	4	26.2	73.8	96
1660	5	29.4	70.6	95
1670	4.6	31.2	68.8	95.4
1680	5.2	30	70	94.8
1690	5.8	30	70	94.2
1700	6	32.2	67.8	94
1710	4.4	34.2	65.8	95.6
1720	3.4	33.8	66.2	96.6
1730	7.6	32.8	67.2	92.4
1740	5	36	64	95
1750	4.8	36.2	63.8	95.2
1760	5.4	31.6	68.4	94.6
1770	6.2	36.4	63.6	93.8
1780	5	36	64	95
1790	5	36.4	63.6	95
1800	3.2	35	65	96.8
1810	8.4	34	66	91.6
1820	6.6	39.4	60.6	93.4
1830	4.8	39.8	60.2	95.2
1840	6	40	60	94
1850	4.2	37.6	62.4	95.8
1860	6.6	40.4	59.6	93.4
1870	6.4	36.6	63.4	93.6
1880	7.2	39	61	92.8
1890	5.4	39.2	60.8	94.6
1900	4.6	38.8	61.2	95.4
1910	4.8	47.8	52.2	95.2
1920	3.4	41.6	58.4	96.6
1930	4.8	42	58	95.2
1940	5.6	43.6	56.4	94.4
1950	4	43.6	56.4	96
1960	4.4	45.6	54.4	95.6
1970	5.4	42.4	57.6	94.6
1980	5.4	49	51	94.6
1990	6	47.8	52.2	94
2000	5.2	45.6	54.4	94.8
2010	3.4	45.4	54.6	96.6
2020	5.8	46.6	53.4	94.2
2030	6.2	46.2	53.8	93.8
2040	5.4	44	56	94.6
2050	5	47.8	52.2	95
