t	FPR	FNR	TRP	TNR
100	0.2	0	100	99.8
110	0	0	100	100
120	0.2	0	100	99.8
130	0	0	100	100
140	0.4	0	100	99.6
150	0	0	100	100
160	0.2	0	100	99.8
170	0.6	0	100	99.4
180	0.2	0	100	99.8
190	0.2	0	100	99.8
200	0.2	0	100	99.8
210	0	0	100	100
220	0	0	100	100
230	0	0	100	100
240	0.2	0	100	99.8
250	0	0	100	100
260	0.6	0	100	99.4
270	0.4	0	100	99.6
280	0.2	0	100	99.8
290	0.2	0	100	99.8
300	0.2	0	100	99.8
310	0.2	0	100	99.8
320	0	0	100	100
330	0.2	0	100	99.8
340	0.2	0	100	99.8
350	0	0	100	100
360	0	0	100	100
370	0	0	100	100
380	0.2	0	100	99.8
390	0	0	100	100
400	0	0	100	100
410	0	0	100	100
420	0.2	0	100	99.8
430	0	0	100	100
440	0	0	100	100
450	0.2	0	100	99.8
460	0.2	0	100	99.8
470	0	0	100	100
480	0.4	0	100	99.6
490	0.2	0	100	99.8
500	0.2	0	100	99.8
510	0	0	100	100
520	0.4	0	100	99.6
530	0.2	0	100	99.8
540	0.2	0	100	99.8
550	0.2	0	100	99.8
560	0	0	100	100
570	0	0	100	100
580	0.4	0	100	99.6
590	0	0	100	100
600	0.2	0	100	99.8
610	0	0	100	100
620	0.2	0	100	99.8
630	0.2	0	100	99.8
640	0	0	100	100
650	0.6	0	100	99.4
660	0	0	100	100
670	0	0	100	100
680	0.2	0	100	99.8
690	0	0	100	100
700	0	0	100	100
710	0	0	100	100
720	0.4	0	100	99.6
730	0.2	0	100	99.8
740	0.2	0	100	99.8
750	0	0	100	100
760	0	0	100	100
770	0.2	0	100	99.8
780	0.4	0	100	99.6
790	0	0	100	100
800	0.2	0	100	99.8
810	0	0	100	100
820	0.4	0	100	99.6
830	0	0	100	100
840	0	0	100	100
850	0.2	0	100	99.8
860	0	0	100	100
870	0.2	0	100	99.8
880	0.2	0	100	99.8
890	0.6	0	100	99.4
900	0.4	0	100	99.6
910	0.4	0	100	99.6
920	0.4	0	100	99.6
930	0.2	0	100	99.8
940	0.2	0	100	99.8
950	0	0	100	100
960	0.6	0	100	99.4
970	0.2	0.2	99.8	99.8
980	0.4	0.2	99.8	99.6
990	0.2	0	100	99.8
1000	0	0.2	99.8	100
1010	0	0.2	99.8	100
1020	0	0	100	100
1030	0	0.2	99.8	100
1040	0.2	0.4	99.6	99.8
1050	0	0.4	99.6	100
1060	0	0.2	99.8	100
1070	0	0.4	99.6	100
1080	0	0.2	99.8	100
1090	0.2	0.6	99.4	99.8
1100	0.2	0.6	99.4	99.8
1110	0.2	0.8	99.2	99.8
1120	0	0.6	99.4	100
1130	0	1	99	100
1140	0.2	0.4	99.6	99.8
1150	0.2	1	99	99.8
1160	0.4	0	100	99.6
1170	0.6	1.4	98.6	99.4
1180	0.2	1.2	98.8	99.8
1190	0	1.4	98.6	100
1200	0.2	2.2	97.8	99.8
1210	0.4	1	99	99.6
1220	0.2	2.4	97.6	99.8
1230	0.4	2.8	97.2	99.6
1240	0.2	0.8	99.2	99.8
1250	0.2	3.4	96.6	99.8
1260	0.2	3	97	99.8
1270	0.2	4	96	99.8
1280	0.2	1.2	98.8	99.8
1290	0.6	3	97	99.4
1300	0	3	97	100
1310	0.2	3.2	96.8	99.8
1320	0.2	4.4	95.6	99.8
1330	0.4	3	97	99.6
1340	0.2	5	95	99.8
1350	0.2	5.6	94.4	99.8
1360	0.2	3.8	96.2	99.8
1370	0	5.8	94.2	100
1380	0.2	5.6	94.4	99.8
1390	0	4.8	95.2	100
1400	0.6	6.8	93.2	99.4
1410	0.4	5.2	94.8	99.6
1420	0	8.6	91.4	100
1430	0	10.6	89.4	100
1440	0.4	7.4	92.6	99.6
1450	0.2	8.6	91.4	99.8
1460	0	10.2	89.8	100
1470	0	8.6	91.4	100
1480	0	11.4	88.6	100
1490	0	11.6	88.4	100
1500	0	11.6	88.4	100
1510	0.2	11.8	88.2	99.8
1520	0.2	12.8	87.2	99.8
1530	0.2	13.4	86.6	99.8
1540	0	14.2	85.8	100
1550	0.4	15	85	99.6
1560	0.4	13.4	86.6	99.6
1570	0.6	15.4	84.6	99.4
1580	0.2	14.2	85.8	99.8
1590	0.2	16.4	83.6	99.8
1600	0	18.8	81.2	100
1610	0	16.2	83.8	100
1620	0.2	16	84	99.8
1630	0	18.8	81.2	100
1640	0.2	23.4	76.6	99.8
1650	0	17.4	82.6	100
1660	0	17.4	82.6	100
1670	0	19.4	80.6	100
1680	0.8	21.4	78.6	99.2
1690	0.2	22.2	77.8	99.8
1700	0.2	24.2	75.8	99.8
1710	0.4	26	74	99.6
1720	0.6	24.6	75.4	99.4
1730	0	24.2	75.8	100
1740	0	26.8	73.2	100
1750	0	26.6	73.4	100
1760	0.4	25	75	99.6
1770	0.2	25.8	74.2	99.8
1780	0.2	25.2	74.8	99.8
1790	0.4	29.6	70.4	99.6
1800	0.2	29	71	99.8
1810	0.2	32.4	67.6	99.8
1820	0	29.4	70.6	100
1830	0	30.4	69.6	100
1840	0.2	30.6	69.4	99.8
1850	0	36.6	63.4	100
1860	0.2	35.6	64.4	99.8
1870	0.4	33.6	66.4	99.6
1880	0	40.4	59.6	100
1890	0.2	34.8	65.2	99.8
1900	0.4	40.2	59.8	99.6
1910	0.2	35.6	64.4	99.8
1920	0	39.4	60.6	100
1930	0	40.6	59.4	100
1940	0.4	38	62	99.6
1950	0	42.4	57.6	100
1960	0.2	42.2	57.8	99.8
1970	0.4	39.8	60.2	99.6
1980	0	41.2	58.8	100
1990	0.2	38.4	61.6	99.8
2000	0.4	43.2	56.8	99.6
2010	0	44.6	55.4	100
2020	0.2	45	55	99.8
2030	0	47.8	52.2	100
2040	0.2	43.4	56.6	99.8
2050	0.2	46.8	53.2	99.8
