t	FPR	FNR	TRP	TNR
100	100	97.8	2.2	0
110	100	97.2	2.8	0
120	100	96.6	3.4	0
130	2.2	0	100	97.8
140	100	96.4	3.6	0
150	100	97	3	0
160	100	96.2	3.8	0
170	1.6	0	100	98.4
180	100	97.2	2.8	0
190	100	98.4	1.6	0
200	100	97	3	0
210	4	0	100	96
220	100	97	3	0
230	2.8	0	100	97.2
240	2.6	0	100	97.4
250	100	98.8	1.2	0
260	100	97.8	2.2	0
270	100	98.2	1.8	0
280	3.8	0	100	96.2
290	100	96.4	3.6	0
300	100	97.2	2.8	0
310	100	97.4	2.6	0
320	100	98.6	1.4	0
330	3.8	0	100	96.2
340	2.8	0	100	97.2
350	100	99.2	0.8	0
360	4	0	100	96
370	3.4	0	100	96.6
380	2.4	0	100	97.6
390	100	96.8	3.2	0
400	1.8	0	100	98.2
410	100	96.6	3.4	0
420	100	97.2	2.8	0
430	2	0	100	98
440	100	97	3	0
450	2	0	100	98
460	2.6	0	100	97.4
470	2	0	100	98
480	100	97.4	2.6	0
490	100	97.6	2.4	0
500	100	98	2	0
510	100	97.6	2.4	0
520	2.8	0	100	97.2
530	99.6	98.2	1.8	0.4
540	99.8	97.2	2.8	0.2
550	3	0.4	99.6	97
560	100	96.4	3.6	0
570	99.4	97.4	2.6	0.6
580	99.2	97.2	2.8	0.8
590	99.4	98	2	0.6
600	99	98.2	1.8	1
610	2.4	0.8	99.2	97.6
620	99	97.4	2.6	1
630	99.4	98	2	0.6
640	2.8	1.8	98.2	97.2
650	2.4	1.2	98.8	97.6
660	98.2	98.2	1.8	1.8
670	2.8	1.4	98.6	97.2
680	3.6	2.8	97.2	96.4
690	97.6	98.4	1.6	2.4
700	96.4	96.2	3.8	3.6
710	2.8	3.4	96.6	97.2
720	93.8	97.2	2.8	6.2
730	1.8	6	94	98.2
740	96.4	98.2	1.8	3.6
750	93.6	97.8	2.2	6.4
760	91.6	97.2	2.8	8.4
770	1.2	8	92	98.8
780	88	98.8	1.2	12
790	91.2	97.8	2.2	8.8
800	89.6	98.2	1.8	10.4
810	2.2	11.2	88.8	97.8
820	1.6	8.8	91.2	98.4
830	89	98	2	11
840	90.2	97.4	2.6	9.8
850	2.2	13.4	86.6	97.8
860	87.4	97.8	2.2	12.6
870	2.8	13.4	86.6	97.2
880	3	20.6	79.4	97
890	78.6	98.8	1.2	21.4
900	2.2	28.6	71.4	97.8
910	2.2	26	74	97.8
920	1.4	21	79	98.6
930	78	98.6	1.4	22
940	2.2	26.8	73.2	97.8
950	3	29.2	70.8	97
960	72.6	98.2	1.8	27.4
970	73.6	98.2	1.8	26.4
980	2.4	32.4	67.6	97.6
990	74.4	98.4	1.6	25.6
1000	62.2	98.4	1.6	37.8
1010	1	50.2	49.8	99
1020	1.2	38.8	61.2	98.8
1030	1.4	37.6	62.4	98.6
1040	2	44.2	55.8	98
1050	65.4	99	1	34.6
1060	57.2	99	1	42.8
1070	1	40.6	59.4	99
1080	1.2	46.4	53.6	98.8
1090	1.4	46.4	53.6	98.6
1100	1	49.4	50.6	99
1110	1.6	52	48	98.4
1120	49.6	99	1	50.4
1130	38.2	98.6	1.4	61.8
1140	0.4	61.2	38.8	99.6
1150	1.2	52.2	47.8	98.8
1160	37.6	98.6	1.4	62.4
1170	1	52	48	99
1180	2	63.4	36.6	98
1190	30.2	98.4	1.6	69.8
1200	1.2	57.8	42.2	98.8
1210	2.2	98.2	1.8	97.8
1220	0	64	36	100
1230	0	96.8	3.2	100
1240	0.8	82.8	17.2	99.2
1250	36.6	99.4	0.6	63.4
1260	8.8	99.4	0.6	91.2
1270	1	84.8	15.2	99
1280	0	97.4	2.6	100
1290	0.8	85.6	14.4	99.2
1300	0.6	70.6	29.4	99.4
1310	4	100	0	96
1320	0.6	78	22	99.4
1330	0.6	90	10	99.4
1340	0.4	95.2	4.8	99.6
1350	1	100	0	99
1360	0	100	0	100
1370	0.6	69.6	30.4	99.4
1380	0	99.2	0.8	100
1390	0	100	0	100
1400	0	98.2	1.8	100
1410	0.8	80	20	99.2
1420	0	96	4	100
1430	0.2	94	6	99.8
1440	0	100	0	100
1450	0	100	0	100
1460	0.2	99.4	0.6	99.8
1470	0	100	0	100
1480	0.2	98.6	1.4	99.8
1490	0.2	100	0	99.8
1500	0.8	99.6	0.4	99.2
1510	0	99.4	0.6	100
1520	3.4	100	0	96.6
1530	0	100	0	100
1540	2.8	99.4	0.6	97.2
1550	0	100	0	100
1560	0	99.8	0.2	100
1570	0	99.6	0.4	100
1580	0	100	0	100
1590	0	100	0	100
1600	0	100	0	100
1610	3	99.8	0.2	97
1620	4.8	99.6	0.4	95.2
1630	0.2	100	0	99.8
1640	0	100	0	100
1650	0	99.4	0.6	100
1660	0.4	100	0	99.6
1670	0	100	0	100
1680	0.4	99.6	0.4	99.6
1690	0.2	100	0	99.8
1700	0	100	0	100
1710	0.6	100	0	99.4
1720	0	100	0	100
1730	0	100	0	100
1740	2.2	99.8	0.2	97.8
1750	0	100	0	100
1760	0	100	0	100
1770	0	99.2	0.8	100
1780	0	100	0	100
1790	1.6	100	0	98.4
1800	0.2	100	0	99.8
1810	0	99.8	0.2	100
1820	0	100	0	100
1830	0	100	0	100
1840	0	100	0	100
1850	0	100	0	100
1860	0	100	0	100
1870	0	100	0	100
1880	1	99.8	0.2	99
1890	0	100	0	100
1900	0	100	0	100
1910	0	100	0	100
1920	0	99.6	0.4	100
1930	0	100	0	100
1940	0	100	0	100
1950	0.2	99.8	0.2	99.8
1960	0.2	99.8	0.2	99.8
1970	0	100	0	100
1980	0.4	100	0	99.6
1990	0	99.8	0.2	100
2000	0	99.8	0.2	100
2010	0	99.8	0.2	100
2020	0	99.6	0.4	100
2030	0	100	0	100
2040	0	100	0	100
2050	0	100	0	100
