t	FPR	FNR	TRP	TNR
100	2.6	0	100	97.4
110	3.4	0	100	96.6
120	3.6	0	100	96.4
130	2.4	0	100	97.6
140	2.4	0	100	97.6
150	3.8	0	100	96.2
160	100	99	1	0
170	2.4	0	100	97.6
180	100	96.6	3.4	0
190	2.8	0	100	97.2
200	100	97	3	0
210	3.4	0	100	96.6
220	3.2	0	100	96.8
230	2.4	0	100	97.6
240	100	96.8	3.2	0
250	100	97.2	2.8	0
260	1.8	0	100	98.2
270	3.2	0	100	96.8
280	3	0	100	97
290	2.2	0	100	97.8
300	2	0	100	98
310	100	97.6	2.4	0
320	100	96.8	3.2	0
330	100	98.4	1.6	0
340	2.4	0	100	97.6
350	100	97.2	2.8	0
360	100	98.6	1.4	0
370	2.8	0	100	97.2
380	2	0	100	98
390	2.4	0	100	97.6
400	3	0	100	97
410	2.4	0	100	97.6
420	100	96.6	3.4	0
430	3	0	100	97
440	2.4	0	100	97.6
450	100	96.6	3.4	0
460	3.4	0	100	96.6
470	100	98	2	0
480	3.4	0	100	96.6
490	3.4	0	100	96.6
500	100	97.2	2.8	0
510	2	0	100	98
520	2.8	0	100	97.2
530	3.2	0	100	96.8
540	100	98	2	0
550	100	96.8	3.2	0
560	100	96.2	3.8	0
570	100	97.6	2.4	0
580	2	0	100	98
590	2.2	0	100	97.8
600	1.8	0	100	98.2
610	100	99	1	0
620	2	0	100	98
630	100	98	2	0
640	2.6	0	100	97.4
650	2.2	0	100	97.8
660	2.4	0	100	97.6
670	100	95.8	4.2	0
680	100	98.8	1.2	0
690	100	96.4	3.6	0
700	100	97.2	2.8	0
710	100	98	2	0
720	3.8	0	100	96.2
730	3.2	0	100	96.8
740	3.8	0.2	99.8	96.2
750	1.6	0	100	98.4
760	2.8	0	100	97.2
770	100	97	3	0
780	3.2	0	100	96.8
790	100	97.4	2.6	0
800	99.8	96.6	3.4	0.2
810	4	0	100	96
820	2.6	0.2	99.8	97.4
830	99.8	98	2	0.2
840	2	0.2	99.8	98
850	100	98.8	1.2	0
860	99.8	96.8	3.2	0.2
870	2.8	0.2	99.8	97.2
880	99.8	97.4	2.6	0.2
890	2.4	0	100	97.6
900	99.2	97.6	2.4	0.8
910	99.2	97.4	2.6	0.8
920	99.6	98.2	1.8	0.4
930	3.8	2.4	97.6	96.2
940	98.6	97.8	2.2	1.4
950	2.2	1	99	97.8
960	98.6	98	2	1.4
970	2.4	2.8	97.2	97.6
980	97.6	97.8	2.2	2.4
990	2.2	2.2	97.8	97.8
1000	97.8	98.4	1.6	2.2
1010	97.2	98	2	2.8
1020	2.8	3	97	97.2
1030	3	4.2	95.8	97
1040	96.6	97	3	3.4
1050	4	3.6	96.4	96
1060	1.8	4.4	95.6	98.2
1070	95.6	98.2	1.8	4.4
1080	1.4	4.2	95.8	98.6
1090	96	97.8	2.2	4
1100	94.6	96.6	3.4	5.4
1110	95	98.2	1.8	5
1120	90.2	97.4	2.6	9.8
1130	2.4	10.6	89.4	97.6
1140	95.8	96.8	3.2	4.2
1150	1.8	8.6	91.4	98.2
1160	1.6	7.8	92.2	98.4
1170	3.4	8.6	91.4	96.6
1180	2	13.8	86.2	98
1190	91.8	96.8	3.2	8.2
1200	1.4	14.8	85.2	98.6
1210	2.6	10.8	89.2	97.4
1220	88.2	97.6	2.4	11.8
1230	85.2	98	2	14.8
1240	83.4	99	1	16.6
1250	4.2	14.4	85.6	95.8
1260	81.8	98.2	1.8	18.2
1270	90.2	97	3	9.8
1280	2	16	84	98
1290	2.2	15.4	84.6	97.8
1300	2.2	20	80	97.8
1310	2.4	18.8	81.2	97.6
1320	84.8	98.2	1.8	15.2
1330	1.6	21	79	98.4
1340	1.8	17	83	98.2
1350	1.8	19	81	98.2
1360	3	18	82	97
1370	3.2	21.4	78.6	96.8
1380	3.4	21.8	78.2	96.6
1390	78	98.6	1.4	22
1400	3	24.6	75.4	97
1410	81.6	99	1	18.4
1420	1.4	35.2	64.8	98.6
1430	2.2	24.6	75.4	97.8
1440	1.8	22.8	77.2	98.2
1450	1.6	27.6	72.4	98.4
1460	66.2	98	2	33.8
1470	75.6	98.2	1.8	24.4
1480	1.2	28.2	71.8	98.8
1490	2	28.4	71.6	98
1500	70.4	98.6	1.4	29.6
1510	62.2	98.2	1.8	37.8
1520	0.8	40.4	59.6	99.2
1530	1	41.2	58.8	99
1540	0.6	57.4	42.6	99.4
1550	3.4	41.4	58.6	96.6
1560	59.4	98.4	1.6	40.6
1570	63.4	97.6	2.4	36.6
1580	49.8	98	2	50.2
1590	0.8	55.2	44.8	99.2
1600	53.4	98.2	1.8	46.6
1610	58.6	99	1	41.4
1620	2.6	44.8	55.2	97.4
1630	14.2	98.4	1.6	85.8
1640	1	67	33	99
1650	1.8	51.4	48.6	98.2
1660	53.8	99.2	0.8	46.2
1670	1.4	59.8	40.2	98.6
1680	41.8	98.6	1.4	58.2
1690	0.8	75	25	99.2
1700	29.6	99.4	0.6	70.4
1710	1	57.6	42.4	99
1720	0.8	52.4	47.6	99.2
1730	0.8	62.8	37.2	99.2
1740	12.4	99.8	0.2	87.6
1750	34	98.2	1.8	66
1760	23.4	99.2	0.8	76.6
1770	15.8	99.4	0.6	84.2
1780	0.6	88.4	11.6	99.4
1790	0.6	96.6	3.4	99.4
1800	0.2	93.4	6.6	99.8
1810	1.2	82.8	17.2	98.8
1820	38.4	98.6	1.4	61.6
1830	16.2	97.8	2.2	83.8
1840	18.2	99.6	0.4	81.8
1850	1	86.2	13.8	99
1860	1.4	82.4	17.6	98.6
1870	29.2	99.2	0.8	70.8
1880	0.4	98.4	1.6	99.6
1890	19.6	99.2	0.8	80.4
1900	3.6	99.6	0.4	96.4
1910	0	100	0	100
1920	19.4	100	0	80.6
1930	6.8	100	0	93.2
1940	0.2	97.8	2.2	99.8
1950	24.8	99.4	0.6	75.2
1960	0.2	97	3	99.8
1970	0.4	93.6	6.4	99.6
1980	16.6	99.6	0.4	83.4
1990	0	100	0	100
2000	0	97	3	100
2010	1	85.2	14.8	99
2020	0.4	91.8	8.2	99.6
2030	0.2	96.4	3.6	99.8
2040	0.6	96.8	3.2	99.4
2050	1.6	99.8	0.2	98.4
