t	FPR	FNR	TRP	TNR
100	3.8	0	100	96.2
110	3	0	100	97
120	3.4	0	100	96.6
130	3.4	0	100	96.6
140	4	0	100	96
150	2.8	0	100	97.2
160	3.8	0	100	96.2
170	2	0	100	98
180	5	0	100	95
190	2.4	0	100	97.6
200	3.2	0	100	96.8
210	2.8	0	100	97.2
220	3.2	0	100	96.8
230	3.2	0	100	96.8
240	2.8	0	100	97.2
250	1.4	0	100	98.6
260	2	0	100	98
270	2.4	0	100	97.6
280	2.6	0	100	97.4
290	3.4	0	100	96.6
300	1.6	0	100	98.4
310	2.2	0	100	97.8
320	1.6	0	100	98.4
330	2.4	0	100	97.6
340	2	0	100	98
350	2.4	0	100	97.6
360	3.8	0	100	96.2
370	2.6	0	100	97.4
380	1.4	0	100	98.6
390	2.8	0	100	97.2
400	1.6	0	100	98.4
410	4.2	0	100	95.8
420	4.4	0	100	95.6
430	4	0	100	96
440	2.8	0	100	97.2
450	2.6	0	100	97.4
460	2.6	0	100	97.4
470	3.4	0	100	96.6
480	3.2	0	100	96.8
490	5.2	0	100	94.8
500	3.8	0	100	96.2
510	2.6	0	100	97.4
520	2.4	0	100	97.6
530	3.8	0	100	96.2
540	1.8	0	100	98.2
550	2.4	0	100	97.6
560	2	0	100	98
570	1.6	0	100	98.4
580	2	0	100	98
590	1.8	0	100	98.2
600	3.2	0	100	96.8
610	1.8	0	100	98.2
620	3.2	0	100	96.8
630	2.4	0	100	97.6
640	2.2	0	100	97.8
650	1.6	0	100	98.4
660	1.4	0	100	98.6
670	2.8	0	100	97.2
680	3.4	0	100	96.6
690	2.4	0	100	97.6
700	2.8	0	100	97.2
710	3.4	0	100	96.6
720	2	0	100	98
730	2	0.2	99.8	98
740	4	0	100	96
750	2	0	100	98
760	2.4	0	100	97.6
770	2.2	0	100	97.8
780	3	0	100	97
790	2.4	0	100	97.6
800	2	0.2	99.8	98
810	2	0.2	99.8	98
820	1.8	0	100	98.2
830	3	1.2	98.8	97
840	2.6	1.4	98.6	97.4
850	1.4	0.4	99.6	98.6
860	2.4	0.6	99.4	97.6
870	1.8	0.8	99.2	98.2
880	3	0.6	99.4	97
890	2.6	1.2	98.8	97.4
900	2.4	1.4	98.6	97.6
910	3.4	1.4	98.6	96.6
920	1.4	1.2	98.8	98.6
930	2.4	1.4	98.6	97.6
940	2	3	97	98
950	3	2.2	97.8	97
960	1.8	1	99	98.2
970	3.4	2.2	97.8	96.6
980	2.2	2.6	97.4	97.8
990	1.4	3.6	96.4	98.6
1000	2.4	3	97	97.6
1010	2.4	2.2	97.8	97.6
1020	2	5.2	94.8	98
1030	2.6	5	95	97.4
1040	2.6	3.8	96.2	97.4
1050	3.6	4	96	96.4
1060	2.2	3.2	96.8	97.8
1070	1.8	5.6	94.4	98.2
1080	1.8	7	93	98.2
1090	3.4	5.8	94.2	96.6
1100	2	8.6	91.4	98
1110	3.2	5.6	94.4	96.8
1120	1.2	9	91	98.8
1130	2.2	10	90	97.8
1140	2.4	7.4	92.6	97.6
1150	1.6	12.4	87.6	98.4
1160	2.4	8.4	91.6	97.6
1170	2.4	11	89	97.6
1180	2.2	12.6	87.4	97.8
1190	3.4	9.8	90.2	96.6
1200	2.4	11.8	88.2	97.6
1210	1.6	13	87	98.4
1220	2.4	11.2	88.8	97.6
1230	1.4	12.8	87.2	98.6
1240	2.6	14	86	97.4
1250	2.8	12.8	87.2	97.2
1260	2.6	15.4	84.6	97.4
1270	1.4	17.6	82.4	98.6
1280	2.6	18.6	81.4	97.4
1290	1.2	19.6	80.4	98.8
1300	1	17.6	82.4	99
1310	2.6	21.4	78.6	97.4
1320	2.2	19.2	80.8	97.8
1330	2	25.6	74.4	98
1340	1.6	23.8	76.2	98.4
1350	2.8	29.8	70.2	97.2
1360	1.8	24.6	75.4	98.2
1370	2	22	78	98
1380	1.4	29.4	70.6	98.6
1390	1.8	26.8	73.2	98.2
1400	2.6	24	76	97.4
1410	2	26.4	73.6	98
1420	1.8	29.4	70.6	98.2
1430	2.2	31.8	68.2	97.8
1440	2.6	30.6	69.4	97.4
1450	1	32.2	67.8	99
1460	1.6	33.6	66.4	98.4
1470	1.6	36.2	63.8	98.4
1480	1.4	34.8	65.2	98.6
1490	1.2	32.6	67.4	98.8
1500	2	37	63	98
1510	0.8	40.2	59.8	99.2
1520	2.6	39.4	60.6	97.4
1530	2.2	35.4	64.6	97.8
1540	1.8	42.8	57.2	98.2
1550	1.4	37.2	62.8	98.6
1560	2	45.8	54.2	98
1570	3.6	42.8	57.2	96.4
1580	2	43.4	56.6	98
1590	2.6	44	56	97.4
1600	1.8	44.8	55.2	98.2
1610	1.6	50.2	49.8	98.4
1620	1.8	49.8	50.2	98.2
1630	2.6	46.8	53.2	97.4
1640	2.8	48	52	97.2
1650	1.8	54.6	45.4	98.2
1660	1.2	54.6	45.4	98.8
1670	1.2	56.2	43.8	98.8
1680	1.2	49.4	50.6	98.8
1690	1	55.2	44.8	99
1700	1.2	58.2	41.8	98.8
1710	1	58	42	99
1720	0.8	56.2	43.8	99.2
1730	1.2	60.6	39.4	98.8
1740	1.6	55.6	44.4	98.4
1750	1.4	57	43	98.6
1760	0.4	65.8	34.2	99.6
1770	0.6	58.2	41.8	99.4
1780	1	60.6	39.4	99
1790	1	60.6	39.4	99
1800	1	71.2	28.8	99
1810	0	70.2	29.8	100
1820	0.8	63.8	36.2	99.2
1830	0.4	67.4	32.6	99.6
1840	1.8	59	41	98.2
1850	0.6	67.8	32.2	99.4
1860	0.4	67.8	32.2	99.6
1870	0.6	71.4	28.6	99.4
1880	0.4	72.6	27.4	99.6
1890	1	71	29	99
1900	0.6	77.6	22.4	99.4
1910	0.8	70	30	99.2
1920	0.4	70.4	29.6	99.6
1930	0.6	77.6	22.4	99.4
1940	0	74.2	25.8	100
1950	0.8	76	24	99.2
1960	0.8	80.6	19.4	99.2
1970	0	78.2	21.8	100
1980	0.6	83	17	99.4
1990	0.6	76.4	23.6	99.4
2000	0.2	75	25	99.8
2010	0.6	82.6	17.4	99.4
2020	1	72.2	27.8	99
2030	1	75.6	24.4	99
2040	0.2	78.6	21.4	99.8
2050	0.6	81.4	18.6	99.4
