t	FPR	FNR	TRP	TNR
100	2.6	0	100	97.4
110	2	0	100	98
120	3	0	100	97
130	2	0	100	98
140	2.6	0	100	97.4
150	2.6	0	100	97.4
160	3.6	0	100	96.4
170	2.6	0	100	97.4
180	3	0	100	97
190	3.2	0	100	96.8
200	3	0	100	97
210	3.4	0	100	96.6
220	3.4	0	100	96.6
230	2.6	0	100	97.4
240	3.2	0	100	96.8
250	1.6	0	100	98.4
260	2.8	0	100	97.2
270	1.4	0	100	98.6
280	3.6	0	100	96.4
290	3.8	0	100	96.2
300	1.2	0	100	98.8
310	1.8	0	100	98.2
320	2.8	0	100	97.2
330	3	0	100	97
340	2.4	0	100	97.6
350	1.4	0	100	98.6
360	2.8	0	100	97.2
370	1.6	0	100	98.4
380	3.6	0	100	96.4
390	3.2	0	100	96.8
400	1.8	0	100	98.2
410	2.6	0	100	97.4
420	4	0	100	96
430	1.6	0	100	98.4
440	1.8	0	100	98.2
450	0.6	0	100	99.4
460	2	0	100	98
470	2.2	0	100	97.8
480	2.2	0	100	97.8
490	2.2	0	100	97.8
500	2.6	0	100	97.4
510	2.6	0	100	97.4
520	2.6	0	100	97.4
530	3.6	0	100	96.4
540	2.6	0	100	97.4
550	2.4	0	100	97.6
560	2.2	0	100	97.8
570	3.2	0	100	96.8
580	3.4	0	100	96.6
590	2.6	0	100	97.4
600	2.8	0	100	97.2
610	1.2	0	100	98.8
620	1.4	0	100	98.6
630	2.4	0	100	97.6
640	2.8	0	100	97.2
650	1.8	0	100	98.2
660	2	0	100	98
670	2	0	100	98
680	2.4	0	100	97.6
690	2.6	0	100	97.4
700	2.8	0	100	97.2
710	4.2	0	100	95.8
720	2.2	0	100	97.8
730	3	0	100	97
740	2	0	100	98
750	2	0	100	98
760	1.8	0	100	98.2
770	3.2	0	100	96.8
780	2.2	0	100	97.8
790	2.4	0	100	97.6
800	3	0	100	97
810	2.4	0	100	97.6
820	2.8	0	100	97.2
830	2.6	0	100	97.4
840	2.4	0	100	97.6
850	3	0	100	97
860	1.8	0	100	98.2
870	3.6	0	100	96.4
880	2.2	0	100	97.8
890	2.8	0	100	97.2
900	2.8	0	100	97.2
910	1.8	0	100	98.2
920	1.8	0	100	98.2
930	4	0	100	96
940	1.8	0	100	98.2
950	2	0	100	98
960	2	0	100	98
970	1.4	0	100	98.6
980	2	0	100	98
990	2.6	0	100	97.4
1000	2.2	0	100	97.8
1010	1.2	0	100	98.8
1020	1.8	0	100	98.2
1030	2.2	0	100	97.8
1040	2.4	0	100	97.6
1050	0.6	0	100	99.4
1060	3.8	0	100	96.2
1070	5	0	100	95
1080	2.6	0	100	97.4
1090	2.8	0	100	97.2
1100	2	0	100	98
1110	2	0	100	98
1120	2.4	0	100	97.6
1130	2.2	0	100	97.8
1140	1.8	0	100	98.2
1150	2.8	0	100	97.2
1160	3.2	0	100	96.8
1170	2.4	0	100	97.6
1180	2.6	0	100	97.4
1190	0.8	0	100	99.2
1200	2	0	100	98
1210	2.8	0	100	97.2
1220	3.6	0	100	96.4
1230	3.2	0	100	96.8
1240	1.6	0	100	98.4
1250	2.2	0	100	97.8
1260	3.8	0	100	96.2
1270	2.6	0	100	97.4
1280	2.6	0	100	97.4
1290	4	0	100	96
1300	2.2	0	100	97.8
1310	2.4	0	100	97.6
1320	1.2	0	100	98.8
1330	2.4	0	100	97.6
1340	2.4	0	100	97.6
1350	2.2	0	100	97.8
1360	2.4	0	100	97.6
1370	2.6	0	100	97.4
1380	3.2	0	100	96.8
1390	3.6	0	100	96.4
1400	2.2	0	100	97.8
1410	2.2	0	100	97.8
1420	2	0	100	98
1430	3.4	0	100	96.6
1440	3.2	0	100	96.8
1450	2.4	0	100	97.6
1460	3.6	0	100	96.4
1470	2.6	0	100	97.4
1480	3.2	0	100	96.8
1490	3	0	100	97
1500	2	0	100	98
1510	2.6	0	100	97.4
1520	3.2	0.2	99.8	96.8
1530	1.8	0	100	98.2
1540	3	0	100	97
1550	3.4	0	100	96.6
1560	4	0	100	96
1570	1.8	0	100	98.2
1580	3.6	0.2	99.8	96.4
1590	3	0	100	97
1600	2.2	0	100	97.8
1610	1.8	0	100	98.2
1620	2.6	0	100	97.4
1630	3.4	0.2	99.8	96.6
1640	3	0.2	99.8	97
1650	2	0	100	98
1660	2.4	0	100	97.6
1670	2.8	0	100	97.2
1680	3	0	100	97
1690	2.8	0	100	97.2
1700	2.6	0	100	97.4
1710	2.6	0	100	97.4
1720	2.6	0.2	99.8	97.4
1730	1.8	0.2	99.8	98.2
1740	1.6	0.4	99.6	98.4
1750	2.2	0.6	99.4	97.8
1760	3.8	0.4	99.6	96.2
1770	2.4	0.4	99.6	97.6
1780	1.4	0.4	99.6	98.6
1790	4.2	0.4	99.6	95.8
1800	3.8	0	100	96.2
1810	2.8	0.2	99.8	97.2
1820	3.8	0.4	99.6	96.2
1830	2.4	0.6	99.4	97.6
1840	1.6	0.4	99.6	98.4
1850	2.4	0.8	99.2	97.6
1860	3.8	0	100	96.2
1870	2	0.4	99.6	98
1880	2.8	0.8	99.2	97.2
1890	2.6	0.4	99.6	97.4
1900	2.4	0.6	99.4	97.6
1910	3	1	99	97
1920	2.2	1.6	98.4	97.8
1930	1.8	0.8	99.2	98.2
1940	1.4	1.2	98.8	98.6
1950	3.2	0.6	99.4	96.8
1960	3.2	1.4	98.6	96.8
1970	1.6	0.8	99.2	98.4
1980	2.2	1.6	98.4	97.8
1990	2	1.6	98.4	98
2000	2.2	1.4	98.6	97.8
2010	1.4	1.2	98.8	98.6
2020	1	1.4	98.6	99
2030	2.4	2	98	97.6
2040	2.4	2.4	97.6	97.6
2050	3.4	2.2	97.8	96.6
